830 194
929 893
794 615
953 648
614 305
45 493
921 171
978 285
897 426
533 48
170 520
177 715
420 313
863 576
723 490
860 905
684 790
798 479
405 751
479 371
409 876
864 682
48 195
967 297
973 852
346 495
724 523
210 145
188 425
721 263
916 582
168 952
724 967
783 481
718 614
852 127
491 69
161 891
264 128
188 589
980 886
85 705
762 647
202 950
425 275
214 693
857 382
645 933
349 781
414 420
747 267
899 590
336 61
481 952
189 22
541 522
908 978
579 670
978 133
621 403
408 187
96 266
569 93
199 919
226 966
691 974
233 590
564 921
651 398
873 193
420 766
715 680
97 646
703 75
779 676
830 539
863 278
805 432
723 357
703 950
675 394
276 908
337 192
829 988
590 54
181 362
820 248
43 269
246 746
696 377
774 526
917 637
156 74
421 880
783 477
182 458
223 458
718 560
650 547
549 593
953 82
955 774
683 998
43 281
96 740
659 870
618 928
859 775
2 281
7 138
758 541
596 981
999 315
894 1
214 795
594 168
229 550
294 912
900 689
546 349
781 557
219 400
485 79
527 839
712 886
977 822
427 574
803 778
241 49
779 455
844 726
975 74
628 269
338 528
311 884
877 92
793 449
492 278
880 371
118 592
257 447
414 36
21 569
814 614
619 946
422 463
672 397
889 300
19 228
180 330
464 410
422 258
859 267
888 739
990 358
683 248
806 97
636 179
18 451
794 637
397 216
453 421
613 342
73 984
922 253
314 387
15 89
645 874
708 885
965 698
244 0
298 50
97 935
229 116
386 23
105 135
239 558
556 205
253 629
189 175
234 856
914 250
945 911
476 653
797 794
703 41
794 2
91 892
937 320
360 323
696 817
458 287
728 366
492 981
347 34
508 581
890 423
183 187
686 660
192 483
454 895
524 248
897 967
492 834
640 204
509 336
374 319
623 102
685 468
435 32
502 943
966 392
718 149
931 757
161 123
240 967
18 117
568 268
84 60
102 724
617 612
412 991
283 36
445 969
504 880
353 6
175 671
750 246
173 681
3 334
156 243
654 526
712 222
794 797
634 897
873 251
861 286
594 144
674 39
465 530
271 171
888 447
842 990
693 367
23 48
54 179
291 708
705 356
930 500
153 564
749 378
168 962
16 114
458 42
154 276
572 425
447 812
224 641
802 269
9 825
317 63
356 961
771 62
317 53
914 822
617 15
200 137
977 569
252 787
611 758
63 536
535 510
700 760
152 503
29 513
680 347
576 37
660 699
99 977
752 365
799 369
380 351
859 357
272 111
496 884
221 560
772 756
70 472
868 574
327 898
87 8
597 15
45 257
714 496
586 466
861 385
188 241
88 47
950 361
158 446
597 731
6 369
487 429
193 356
3 521
606 443
881 555
458 278
812 173
774 750
991 987
135 179
228 223
226 530
584 736
328 533
467 687
902 307
116 448
663 471
321 621
266 202
176 77
480 340
250 606
90 241
593 225
773 173
800 999
703 737
88 383
270 907
70 525
214 538
325 229
362 646
850 980
200 26
57 680
366 307
286 456
901 231
33 26
404 186
377 459
923 465
842 545
725 265
422 939
155 747
169 517
393 371
498 593
398 555
625 116
215 263
925 468
494 958
846 898
496 223
709 419
41 552
317 766
817 739
57 324
839 578
842 232
950 692
178 700
599 155
816 166
419 741
986 913
52 832
164 548
56 873
320 449
777 989
215 946
728 272
271 919
203 465
152 153
157 682
853 108
837 21
275 256
763 613
522 167
446 38
715 854
911 387
303 41
376 870
987 457
494 258
376 697
723 880
202 232
562 55
341 752
77 968
360 192
581 882
359 379
920 426
233 184
166 888
225 542
110 564
351 605
823 80
654 898
960 857
483 875
264 824
979 693
144 339
885 77
222 596
457 494
375 42
30 541
283 607
435 393
172 787
350 347
219 5
597 179
214 80
406 478
256 385
172 400
725 409
478 299
6 287
145 733
329 528
274 612
135 61
358 659
200 708
358 419
65 956
951 631
36 357
462 645
95 986
45 172
395 875
471 753
162 968
486 844
496 112
808 632
174 166
643 374
227 2
794 644
958 745
276 346
454 738
991 549
76 389
73 471
616 544
225 131
865 63
327 361
176 135
345 702
654 989
76 881
991 222
877 301
319 505
999 774
595 991
675 671
732 749
143 700
645 720
831 510
135 158
872 311
646 569
13 300
558 442
533 901
664 410
554 984
916 554
110 511
897 785
535 981
886 678
681 532
750 865
394 885
375 266
549 21
188 914
321 98
356 854
352 373
617 906
709 885
812 819
396 61
956 931
42 843
961 76
375 711
293 769
949 668
388 498
690 928
412 363
26 121
218 378
494 187
637 203
72 801
22 820
863 330
104 257
173 65
685 900
129 978
22 78
647 762
928 337
690 692
700 716
813 270
447 659
809 84
862 881
885 236
702 100
567 158
358 92
575 43
993 704
22 15
134 21
777 414
358 467
107 410
535 920
33 982
580 842
66 794
76 304
383 130
404 302
288 762
394 863
158 387
920 532
754 54
553 531
821 263
350 928
25 886
200 58
220 780
253 287
927 681
943 310
811 347
612 99
462 6
314 972
746 234
504 500
641 57
384 462
320 734
742 697
972 942
756 193
723 361
832 2
42 775
312 853
474 276
304 288
634 970
260 380
205 116
233 198
525 617
12 197
703 754
895 676
696 651
221 771
364 405
773 406
532 437
611 6
65 267
647 700
237 259
432 794
376 665
992 901
634 4
451 690
110 346
366 159
349 939
930 713
344 56
471 876
493 82
234 559
349 233
611 938
493 43
733 221
61 77
474 47
434 925
737 544
271 455
703 620
394 986
685 90
42 156
966 887
590 553
798 291
786 409
230 279
805 315
500 218
392 327
265 826
252 3
723 876
458 426
848 205
764 534
295 806
42 262
46 633
167 196
276 953
958 506
233 763
821 85
333 566
412 598
392 17
953 115
893 764
894 741
969 658
275 616
817 670
230 215
655 397
411 931
351 369
438 936
484 611
21 817
177 786
768 922
803 73
389 696
837 283
789 158
294 417
127 463
87 357
30 742
755 441
673 458
163 463
394 999
75 767
169 604
905 289
526 708
362 268
756 552
551 546
62 197
963 189
12 50
547 42
144 654
836 817
112 351
633 858
350 708
977 871
664 883
160 543
591 523
811 700
75 714
246 137
264 561
327 276
963 226
671 107
880 859
276 344
210 909
554 912
969 531
784 634
414 944
177 358
819 988
58 894
54 656
384 318
217 63
947 180
289 618
639 521
829 915
217 39
825 771
303 794
302 439
780 69
736 957
779 555
297 189
802 352
845 538
22 414
601 969
946 242
587 937
115 416
852 332
807 29
455 463
824 109
902 956
178 990
914 309
546 563
498 700
267 695
238 290
461 839
259 407
433 199
696 548
967 549
880 775
578 687
590 754
796 844
711 975
835 977
284 733
892 135
433 160
830 671
802 292
862 61
51 295
612 748
195 580
649 427
355 227
114 297
334 910
141 397
237 328
726 522
61 970
657 846
130 839
869 284
131 83
346 535
730 958
283 925
890 932
352 245
511 466
894 197
729 388
946 966
716 672
488 130
995 497
976 125
689 198
762 820
281 108
707 12
418 990
937 309
274 642
906 786
108 153
335 837
541 282
156 257
306 644
739 301
494 716
779 535
266 541
355 547
1 63
559 771
405 849
432 680
491 339
818 951
844 505
141 385
787 297
642 446
293 734
99 139
450 878
674 68
771 382
615 772
797 527
896 202
376 328
234 219
19 404
170 863
910 663
248 49
960 243
495 606
977 595
745 779
825 772
847 597
154 462
721 951
341 969
505 717
298 92
288 317
496 811
181 758
474 781
808 787
24 655
393 353
602 490
132 428
614 331
377 768
146 450
71 487
420 929
557 718
21 845
387 869
656 920
628 131
702 436
270 78
443 15
432 46
505 916
474 120
600 203
240 746
653 312
233 73
593 142
143 614
988 531
483 644
451 111
127 505
899 749
584 343
764 368
741 622
636 567
94 236
770 334
982 775
998 568
201 591
710 344
557 50
227 41
695 679
504 174
536 404
924 472
99 688
840 192
662 829
759 756
65 881
91 400
656 441
320 857
385 382
202 942
433 429
983 480
460 488
654 349
244 930
821 695
971 14
887 633
843 646
390 260
527 833
12 535
274 332
393 11
715 947
954 148
728 937
980 541
777 986
890 21
917 711
68 240
725 955
225 920
953 615
181 832
800 193
368 427
526 113
438 593
60 392
93 788
682 73
329 459
59 571
833 328
283 901
920 360
209 146
281 514
113 814
347 914
7 67
341 885
180 131
478 240
524 923
380 206
996 62
17 408
633 850
88 268
104 9
981 665
155 262
179 268
76 878
182 435
945 875
321 477
7 151
717 883
75 450
89 423
864 458
183 497
661 272
118 765
281 99
782 436
713 313
56 789
192 591
576 489
466 897
967 825
401 36
708 828
838 149
603 702
608 787
552 269
411 670
386 692
769 168
480 482
833 536
623 377
479 551
867 946
801 186
123 202
574 832
30 413
981 985
467 589
772 19
210 183
689 596
227 810
116 707
644 302
596 619
679 427
171 898
373 972
84 849
526 11
681 908
776 14
893 243
956 18
615 166
201 656
115 429
467 583
488 463
885 436
435 565
864 606
815 589
930 252
438 808
263 471
716 391
486 961
634 442
979 601
960 533
258 75
314 725
11 802
540 896
591 975
813 807
933 629
396 215
881 187
23 496
658 91
887 144
53 873
938 384
475 899
917 733
326 231
810 337
386 702
586 977
678 399
784 611
380 532
179 613
719 202
109 730
646 348
226 699
222 165
435 697
416 353
782 742
584 944
432 322
646 18
299 324
417 435
288 798
968 467
763 39
21 873
769 667
221 996
718 443
513 154
492 929
859 626
23 795
570 455
118 217
473 769
205 533
393 525
352 156
916 374
29 38
393 603
34 464
398 899
618 891
828 477
869 203
624 440
659 742
9 484
512 254
727 69
788 120
946 492
277 862
218 658
900 612
261 286
76 660
185 46
903 365
875 772
569 499
212 580
242 221
64 106
828 792
175 616
912 121
460 541
335 679
200 236
291 461
522 719
121 60
765 24
425 640
797 346
491 361
926 733
935 991
191 763
135 366
731 399
839 191
941 527
870 141
763 513
954 637
232 428
49 349
804 475
341 601
173 833
315 100
918 250
443 110
365 930
828 448
329 668
639 622
547 862
763 310
727 70
299 312
498 349
661 302
176 355
256 349
188 571
801 106
173 596
216 890
526 397
338 208
65 329
830 964
543 946
274 271
16 925
583 514
274 596
168 802
951 424
504 139
347 305
598 872
254 166
762 132
563 452
340 980
134 523
944 677
469 218
948 837
496 883
703 122
480 871
925 431
648 429
571 995
86 521
868 692
687 982
825 251
787 517
231 921
40 176
598 861
746 899
698 242
782 401
365 614
273 642
46 921
423 969
268 509
490 488
202 177
471 379
428 610
896 12
531 289
188 481
150 286
380 849
881 515
602 598
129 875
240 175
148 663
496 769
524 986
257 726
164 80
457 944
690 354
308 221
643 848
703 145
135 435
346 16
950 949
966 432
176 206
607 325
869 456
94 745
442 703
472 958
784 929
255 474
635 563
48 630
412 103
776 899
538 122
915 841
423 881
625 600
439 584
277 660
40 371
405 483
426 229
441 210
511 48
37 146
612 85
129 24
540 257
923 430
731 190
623 155
423 248
755 214
833 32
874 873
755 631
708 181
861 502
744 372
550 781
870 162
218 351
538 758
608 813
540 340
355 164
495 130
764 602
344 597
634 570
823 741
202 531
922 63
33 666
787 936
799 9
98 17
361 989
127 969
154 20
661 510
184 156
640 948
758 985
898 744
555 721
485 109
604 760
172 990
426 311
926 578
321 376
947 682
717 427
3 872
447 665
382 983
173 374
283 284
711 181
28 619
254 866
728 211
626 253
201 404
564 479
982 237
207 282
271 925
709 275
149 156
292 531
139 465
257 422
749 969
956 130
588 210
996 316
421 974
569 974
730 486
453 713
723 13
347 995
938 56
622 87
564 914
970 703
379 227
477 481
548 433
611 136
996 959
453 769
285 374
744 15
860 549
80 936
562 427
283 852
483 257
291 47
171 613
102 902
193 932
735 741
365 346
878 713
657 683
483 942
57 579
958 270
480 38
558 395
466 841
247 301
98 891
701 621
856 803
875 49
735 611
791 453
309 21
518 967
704 353
261 113
932 219
735 765
610 293
160 428
486 759
729 584
2 430
557 859
586 433
908 673
44 51
126 353
72 997
672 776
350 934
242 635
505 977
400 467
271 912
895 757
671 977
694 674
759 251
885 345
684 793
371 728
845 849
434 917
846 106
46 197
40 288
184 898
617 584
365 888
848 261
998 871
590 692
897 349
295 782
47 980
576 418
60 773
267 494
690 114
953 88
663 345
728 847
243 346
783 961
586 631
574 584
502 164
628 752
865 924
534 912
256 110
682 668
883 950
515 926
416 468
366 431
813 95
278 409
793 413
370 379
396 944
316 250
460 944
2 325
220 537
238 476
999 920
497 235
222 12
513 990
480 879
421 645
326 51
406 471
464 776
851 860
72 519
463 532
815 465
858 36
2 448
864 2
368 361
589 943
373 102
933 205
981 707
203 660
758 609
131 575
386 334
787 810
853 250
343 21
716 553
57 70
1 273
424 721
987 13
664 712
115 950
918 449
657 473
109 767
82 592
342 468
927 130
631 132
380 974
153 448
879 562
519 880
188 943
953 175
957 970
887 424
920 157
873 929
982 334
696 65
927 39
885 206
521 516
338 901
842 844
350 721
406 221
953 594
164 907
229 361
898 149
870 771
430 853
458 126
918 385
517 803
943 390
320 633
644 514
477 994
567 541
182 731
448 304
205 29
665 103
178 535
226 960
388 684
439 658
421 308
462 364
699 134
350 343
648 827
689 236
415 256
778 598
339 578
902 544
608 919
999 138
806 226
99 547
262 890
205 684
198 19
400 897
153 750
240 154
930 281
742 345
537 872
943 877
451 197
773 411
116 773
901 275
351 352
822 613
242 27
649 441
399 50
690 904
800 283
58 730
564 153
76 454
25 371
683 476
569 456
239 37
581 141
312 284
493 486
898 88
866 547
881 265
949 571
169 750
854 580
480 771
733 908
225 758
280 260
587 201
716 178
238 650
671 903
934 517
389 184
605 607
84 486
872 33
409 394
783 264
974 616
387 59
876 964
169 156
224 756
709 940
287 300
942 958
203 877
475 944
413 432
552 497
918 776
531 328
170 666
944 144
634 331
555 511
647 725
667 871
833 377
163 120
29 106
431 232
335 906
528 748
339 432
246 609
209 129
289 731
147 233
228 782
916 783
293 563
508 960
434 342
689 598
814 718
56 245
302 391
504 183
139 195
967 737
804 176
866 446
260 14
679 488
796 948
271 441
863 132
753 650
826 443
600 640
513 656
238 168
399 742
703 538
289 670
276 93
847 494
891 459
860 571
947 8
871 570
449 86
702 203
736 880
998 688
873 863
344 111
31 743
205 734
634 494
757 262
939 956
108 831
415 969
754 362
329 625
284 779
63 339
334 800
219 332
488 92
547 185
203 931
280 760
17 914
254 774
528 194
730 637
25 145
606 131
859 935
108 144
66 171
483 400
323 54
84 812
147 632
349 702
563 629
463 932
896 69
707 424
263 437
61 640
583 19
123 794
307 231
938 373
403 773
126 726
180 210
890 327
194 591
381 109
573 844
42 469
914 749
245 529
538 659
522 473
678 645
268 985
877 558
711 632
684 837
710 864
399 953
191 946
544 572
55 117
769 449
938 35
550 184
916 89
195 438
562 873
436 830
211 665
741 922
649 425
111 359
289 510
312 480
808 857
404 864
326 525
665 265
912 216
801 829
305 996
619 219
221 55
402 432
72 143
706 721
568 817
81 857
680 745
689 488
602 93
704 281
971 370
546 883
938 699
712 595
695 684
814 268
739 568
53 164
711 759
885 279
929 318
488 609
64 177
449 18
623 506
299 594
876 197
829 166
896 894
761 943
578 927
212 669
496 265
833 559
376 71
839 305
389 327
266 805
857 716
824 480
222 123
426 450
321 255
616 217
149 729
513 727
8 725
397 856
342 582
416 718
653 255
376 395
934 642
200 791
710 24
623 932
148 49
734 821
305 702
390 806
783 903
534 792
980 283
648 674
865 64
745 871
671 121
266 958
115 466
101 826
491 725
758 991
126 493
164 431
547 554
238 331
810 124
123 142
759 123
817 976
540 914
847 563
35 465
521 150
284 975
976 127
700 87
118 178
932 634
610 479
540 200
162 350
676 285
493 787
761 662
763 301
576 963
864 963
428 738
113 64
65 442
191 117
881 661
295 165
295 257
644 836
457 807
186 485
444 31
272 205
45 36
858 621
351 75
584 131
165 50
196 230
844 387
347 725
49 994
890 344
252 886
532 61
45 71
547 842
102 819
399 148
207 258
121 910
685 706
42 850
108 238
432 952
977 131
29 26
125 919
723 729
157 607
791 203
678 338
45 133
509 796
633 69
54 754
979 91
812 373
293 920
963 725
872 941
208 901
319 686
172 394
415 330
2 206
885 680
544 282
165 406
78 798
475 485
553 806
576 365
180 870
286 143
947 510
436 156
764 756
194 936
502 609
618 504
816 503
537 712
785 702
118 864
501 945
701 54
752 277
771 932
499 409
427 447
920 864
955 684
972 149
972 474
110 591
979 926
94 868
991 232
570 109
448 423
407 149
829 159
778 601
443 278
10 222
77 282
438 384
966 410
885 939
885 995
882 216
274 976
436 265
560 6
726 8
782 133
509 611
644 288
564 439
918 575
14 995
857 452
379 176
863 616
467 100
611 349
668 885
677 104
502 238
462 581
598 244
66 108
208 711
396 772
502 666
699 516
661 909
969 392
85 184
8 552
636 971
253 304
209 930
760 711
168 222
292 767
819 359
227 379
422 975
151 276
641 851
793 302
760 114
298 406
749 286
377 2
942 586
284 702
650 453
276 294
572 447
5 799
826 427
774 978
704 415
181 849
69 293
963 467
490 613
873 591
251 250
945 193
189 229
895 839
34 523
133 606
971 139
757 797
918 883
127 974
650 660
823 719
953 138
186 443
103 59
386 354
662 331
547 851
561 794
690 595
318 175
554 641
666 311
790 585
195 270
559 845
930 735
917 884
225 455
679 329
867 66
35 529
749 935
732 310
729 774
258 399
949 812
40 616
475 831
553 22
101 464
868 383
199 137
267 777
592 299
458 811
717 493
692 466
428 424
129 510
198 739
909 500
551 950
116 378
133 669
401 234
133 621
617 685
758 237
462 702
888 272
866 957
765 558
423 546
335 904
408 533
643 317
33 546
619 501
925 104
170 678
690 656
299 660
341 409
897 155
463 137
427 681
94 544
240 869
442 575
774 850
460 769
520 846
316 491
347 593
596 870
271 286
878 922
946 219
683 195
726 146
332 153
180 778
49 420
648 492
347 774
694 159
543 566
5 859
58 705
452 654
927 75
940 805
997 239
376 680
434 102
179 767
607 359
897 656
131 545
500 830
671 547
989 215
113 347
426 171
404 231
177 331
306 470
488 656
709 864
688 143
966 219
262 925
930 512
933 61
57 434
243 81
333 233
296 446
932 722
970 336
953 147
19 612
969 507
620 30
723 308
526 41
880 140
966 810
652 899
224 62
685 467
143 18
52 439
465 336
513 787
672 819
286 43
783 256
902 403
286 625
63 812
18 943
953 984
754 957
236 330
19 921
149 162
292 202
953 109
538 467
896 563
638 182
958 421
790 861
824 429
838 887
593 857
183 898
193 289
856 429
619 875
703 768
390 995
322 343
104 213
162 0
128 800
534 86
221 677
299 45
106 490
285 51
699 468
950 892
757 158
674 728
33 377
496 775
724 171
119 828
384 281
180 512
434 66
598 655
743 250
53 201
740 338
253 439
158 555
683 915
713 357
643 98
86 491
874 810
662 345
990 46
978 522
910 412
589 861
68 684
111 473
238 851
811 843
642 969
398 325
236 463
35 879
913 473
722 787
636 385
484 978
783 463
501 694
227 442
555 647
126 666
120 364
869 931
207 863
252 957
540 488
420 927
719 334
401 442
473 389
827 310
367 962
125 868
656 352
310 211
0 789
229 120
153 450
404 713
665 656
670 206
497 443
133 216
129 886
10 954
275 189
264 643
152 389
863 808
742 174
372 94
315 953
214 820
756 970
533 421
627 556
627 476
351 113
44 480
999 55
434 627
244 51
270 748
440 485
909 534
11 633
628 326
586 195
147 342
165 680
116 144
588 95
620 939
208 665
771 560
72 206
539 316
609 161
417 49
646 326
936 658
959 564
984 897
759 131
240 925
164 708
69 752
803 42
44 364
707 815
924 779
373 815
447 982
976 864
384 622
542 320
280 501
884 617
399 996
100 991
273 264
699 342
369 854
384 765
218 443
580 494
574 306
309 22
640 285
238 24
260 781
696 892
634 933
509 33
929 610
376 202
226 427
896 595
282 633
712 852
428 645
699 3
951 8
25 591
646 615
968 906
748 664
150 383
597 660
768 878
622 145
432 848
924 329
796 558
314 508
411 742
153 110
745 456
470 122
400 468
738 720
726 486
384 877
221 334
889 990
564 511
487 997
711 411
678 507
970 992
368 733
86 873
195 832
682 17
306 82
486 396
802 212
235 538
89 456
224 978
446 141
841 285
138 553
697 816
412 19
160 132
104 246
358 299
430 40
668 89
474 154
485 628
719 72
518 808
529 95
139 327
236 332
613 726
885 662
542 650
33 54
782 137
652 492
788 435
884 456
524 710
611 361
690 330
434 209
490 315
656 981
642 892
314 607
618 551
621 512
553 654
918 688
143 570
180 931
5 417
388 881
127 351
243 818
33 29
379 875
344 35
857 338
279 523
946 249
426 919
113 980
926 31
20 69
953 200
1 311
617 741
192 97
92 787
915 477
816 294
352 160
681 561
499 312
436 797
561 863
68 674
195 994
57 215
64 10
767 417
321 737
158 866
834 250
653 101
79 822
747 431
982 780
993 833
92 429
982 653
644 51
679 191
45 88
758 461
98 878
878 772
615 36
990 801
638 643
254 717
465 1
149 800
781 494
633 225
275 968
230 920
19 261
463 416
349 222
878 799
100 108
923 67
145 913
868 135
909 474
853 374
475 354
526 608
200 512
185 475
480 415
747 499
676 211
267 25
785 145
176 237
254 100
304 751
13 524
886 922
998 91
649 825
797 175
433 997
687 618
825 167
385 924
18 61
135 286
438 272
783 614
509 37
714 813
140 80
337 27
2 687
470 651
512 268
179 297
617 866
267 442
386 652
367 756
65 854
42 855
479 178
470 988
567 536
154 708
616 843
87 971
531 557
622 395
177 153
693 795
20 960
589 758
965 308
514 30
515 909
886 994
87 708
334 654
596 488
714 213
684 801
536 215
359 510
610 536
664 655
683 684
616 273
794 581
933 660
963 448
569 849
442 8
909 129
15 506
969 729
71 653
531 607
220 242
117 183
130 781
838 166
817 806
439 963
387 724
624 703
173 545
904 967
554 814
96 921
320 66
650 743
719 533
350 292
127 819
475 610
953 313
776 770
120 215
734 859
939 710
562 464
255 467
432 161
281 880
82 953
946 85
696 18
970 398
310 98
217 785
60 170
450 836
293 922
403 379
782 694
89 696
159 344
163 943
858 796
823 940
101 770
377 797
140 348
547 802
798 765
939 858
287 389
694 580
312 449
959 446
143 400
142 302
97 306
245 955
454 69
247 556
191 625
705 683
325 253
485 475
370 424
333 657
813 379
590 477
828 901
923 323
302 66
626 751
724 223
706 178
644 305
734 835
930 792
870 607
397 355
82 767
779 767
776 945
498 718
774 678
620 698
2 274
764 980
377 840
203 435
18 848
740 105
35 23
897 906
630 294
261 65
413 393
832 541
690 331
260 464
361 232
514 363
506 278
343 883
470 899
318 489
747 410
594 782
433 843
40 64
489 302
129 902
47 313
795 89
996 55
553 358
287 68
73 145
698 769
28 169
668 698
10 415
109 956
549 894
799 590
310 288
244 791
542 643
105 337
732 101
745 637
811 32
57 885
178 108
654 558
629 674
609 639
441 70
595 342
964 394
932 275
34 528
66 928
617 255
625 362
245 788
395 302
673 925
410 679
483 391
705 444
30 146
514 625
489 831
371 773
458 757
654 876
685 177
400 303
785 377
17 30
165 412
684 191
337 447
222 173
838 928
969 869
426 836
846 267
19 570
41 477
327 47
705 365
224 457
20 361
834 389
391 352
802 76
895 491
875 117
16 713
397 338
582 176
174 781
443 193
351 484
22 30
883 727
747 108
185 119
469 371
509 213
75 663
641 970
154 516
440 523
229 189
861 164
365 387
945 809
580 648
645 602
678 529
681 778
989 218
249 810
590 758
23 665
421 16
988 928
884 428
803 466
617 16
630 983
403 927
144 983
575 789
937 605
318 970
735 659
189 985
470 779
743 845
796 517
862 784
797 98
564 600
564 182
616 194
517 19
473 661
354 48
802 643
6 121
613 741
780 154
78 602
285 822
448 82
691 662
218 488
760 783
440 325
317 56
871 186
427 345
847 133
745 1
776 751
474 741
845 255
896 923
209 181
97 657
615 788
671 834
628 432
969 68
109 286
124 980
472 903
325 671
36 71
672 164
174 147
906 19
754 154
943 963
335 392
973 303
181 644
137 809
428 106
230 537
744 706
518 216
610 195
239 646
618 911
163 793
410 69
812 164
223 107
480 910
500 805
213 33
449 702
194 230
160 424
767 904
131 637
472 93
833 711
91 451
975 254
596 385
323 409
902 898
868 382
161 720
539 374
105 340
429 300
570 589
76 338
846 559
327 318
652 512
30 744
964 5
350 912
742 26
321 644
924 542
378 85
614 917
812 720
258 241
372 828
182 448
518 28
360 846
347 12
710 729
108 26
86 459
939 828
485 612
473 761
154 203
199 769
121 11
489 379
604 213
559 786
661 430
815 21
276 514
386 338
243 846
365 329
657 304
509 494
916 982
256 71
186 455
192 659
818 33
38 422
246 949
560 259
379 375
633 7
241 19
346 484
865 711
165 875
15 675
369 931
9 625
354 547
432 898
206 602
931 596
24 529
546 585
789 277
312 422
285 554
793 631
390 10
694 556
885 709
583 255
992 592
232 699
140 17
597 346
619 881
295 996
410 841
933 199
118 597
973 755
151 118
386 894
129 432
450 14
141 33
621 486
977 206
185 117
223 134
816 194
15 111
190 426
952 475
977 422
73 951
178 576
421 916
470 550
701 272
917 194
305 538
680 635
96 217
752 319
352 568
866 367
31 56
145 335
884 123
758 957
426 288
885 847
556 356
750 257
628 667
452 286
557 484
921 654
702 25
325 406
946 191
125 977
600 271
313 484
746 423
793 524
63 678
723 971
386 473
229 15
140 33
653 50
517 926
704 571
951 381
329 249
573 455
227 525
78 892
361 176
315 154
700 730
184 423
701 571
897 282
938 389
315 943
791 185
869 495
108 172
229 438
422 154
245 1
679 675
893 40
851 560
546 903
290 730
678 991
653 927
274 943
669 941
886 460
126 107
956 587
632 537
377 54
407 370
649 300
410 852
860 308
107 502
38 785
493 44
713 119
339 382
413 226
842 891
685 150
478 669
687 855
723 378
181 130
100 830
782 862
34 994
170 141
496 561
279 342
957 992
461 296
726 226
874 920
118 560
71 596
581 110
804 305
841 985
787 941
168 922
156 202
916 326
696 413
239 975
107 196
967 568
493 45
795 719
965 265
631 36
861 213
499 665
870 340
3 9
633 171
931 789
725 848
468 421
613 59
396 720
608 715
640 453
760 787
172 726
52 804
114 266
17 965
283 887
305 286
896 291
457 180
432 183
380 252
956 993
312 353
65 920
420 57
373 181
845 545
259 249
701 725
515 70
691 799
309 996
85 558
639 895
738 72
430 118
676 386
463 988
91 528
260 512
585 633
693 782
531 304
384 584
29 899
655 720
50 964
69 488
522 708
735 260
132 165
730 809
903 193
149 995
73 410
507 11
395 552
145 278
856 529
863 885
781 870
958 183
834 27
671 709
87 406
969 572
923 52
733 827
245 882
822 671
644 681
682 392
233 827
22 89
709 237
326 490
107 284
673 294
663 697
3 103
103 324
675 379
376 408
558 974
642 380
645 639
413 327
383 646
506 757
87 215
995 765
705 454
402 731
748 65
428 103
520 883
428 195
262 156
955 820
130 950
552 775
941 317
102 324
963 609
81 402
176 428
520 882
883 922
965 983
339 393
439 860
276 867
407 891
23 715
63 506
665 968
281 606
285 736
282 601
345 715
355 521
144 875
755 379
797 720
362 489
465 153
349 94
20 108
985 396
823 400
902 488
368 535
446 6
271 728
607 968
796 314
490 940
190 597
319 339
670 33
828 135
187 529
229 559
990 566
307 813
967 561
654 687
97 100
693 720
181 652
689 977
967 531
269 509
128 940
848 798
325 29
286 864
910 515
776 900
434 83
714 401
997 720
440 94
172 486
814 705
138 855
34 457
386 303
966 515
595 167
665 921
196 951
785 106
819 561
359 605
997 73
358 994
145 798
440 317
284 606
23 775
462 57
584 848
713 903
715 308
70 381
229 618
684 367
76 855
280 435
812 277
860 170
623 5
321 63
323 605
670 698
732 484
755 669
332 468
572 400
129 642
133 358
612 169
77 688
25 358
476 189
635 688
360 259
694 681
674 369
638 696
419 723
180 174
392 865
995 964
265 476
958 750
834 570
919 264
610 296
622 438
486 609
127 846
220 821
879 247
542 517
943 961
240 124
487 632
341 834
948 958
310 906
708 497
828 627
761 439
924 735
877 410
696 356
608 917
177 487
516 71
356 459
32 597
935 872
581 276
706 530
586 369
436 294
866 265
274 979
56 198
66 285
960 762
642 568
31 171
407 547
243 763
359 627
712 294
851 294
923 558
824 509
279 612
156 497
229 430
828 285
980 894
923 940
8 565
860 392
736 619
939 331
734 650
311 447
945 162
741 220
72 917
81 351
881 237
200 111
19 28
748 999
922 671
291 283
588 503
675 677
474 614
8 209
265 319
656 562
834 749
782 906
666 215
610 899
453 810
10 824
839 759
176 113
430 819
396 19
323 71
696 149
38 56
358 655
569 562
115 703
468 133
918 430
33 723
241 43
548 80
154 76
545 585
895 942
956 570
365 4
720 755
60 430
410 140
797 331
702 912
46 953
953 431
28 546
826 928
626 981
4 524
918 900
466 874
470 831
230 542
587 642
973 349
783 770
33 837
34 67
712 432
372 18
863 401
564 690
681 543
23 686
67 941
586 885
167 408
68 397
303 7
39 628
709 174
398 742
364 784
809 76
217 534
446 432
935 363
122 616
906 145
654 325
438 592
210 605
353 278
2 656
638 394
284 347
920 34
89 284
818 898
713 387
432 159
820 719
522 294
688 780
792 694
457 230
287 667
836 640
298 190
648 936
936 284
283 857
670 724
493 840
622 558
228 407
718 48
478 592
342 518
725 134
213 182
717 500
202 553
492 852
95 140
788 32
776 423
241 446
499 734
286 473
293 866
880 363
266 711
307 961
229 32
95 442
567 164
942 769
717 786
973 813
278 113
197 54
888 438
852 387
172 491
860 817
357 741
180 624
452 840
585 33
872 32
476 791
197 770
912 266
557 885
431 835
998 628
242 886
66 94
273 591
937 134
408 295
227 589
271 31
429 208
416 653
592 892
797 141
15 709
408 572
947 839
759 945
820 353
184 886
800 457
477 737
943 886
384 522
827 655
905 608
215 322
613 808
566 410
949 581
472 709
505 419
549 617
716 721
970 900
607 770
710 437
860 5
675 244
528 502
900 785
462 467
459 75
275 26
838 225
607 310
286 465
81 835
82 797
556 404
698 516
527 760
953 387
765 628
631 645
482 883
431 944
351 242
371 978
268 561
555 228
223 842
693 304
677 127
454 586
531 504
454 58
264 759
445 29
387 429
675 221
312 458
517 15
700 888
994 321
450 549
901 673
391 946
330 421
73 784
359 604
288 813
15 552
572 460
933 311
889 960
532 554
770 401
569 823
289 915
144 91
465 45
117 856
343 447
629 416
583 988
372 871
153 387
775 725
848 708
388 89
21 272
995 791
673 917
614 315
832 110
406 297
507 523
506 850
322 487
266 905
476 639
776 629
26 903
707 226
964 447
668 985
720 15
776 393
932 391
708 765
501 467
414 9
342 272
859 665
760 478
570 588
117 699
569 495
602 276
74 918
724 742
903 796
757 680
541 42
423 602
159 924
69 925
285 411
550 497
428 662
975 351
250 444
50 171
291 4
448 365
923 524
459 826
672 569
858 213
611 281
815 770
558 236
47 195
0 597
692 428
259 19
779 861
815 181
33 107
538 833
472 461
357 932
639 381
501 850
594 464
131 762
586 41
350 633
237 350
231 281
779 490
301 910
352 116
92 385
575 630
218 400
443 927
684 434
660 537
284 254
1 768
368 587
161 719
220 398
69 451
680 200
294 333
463 998
801 907
735 377
889 305
777 684
584 461
118 244
998 755
850 351
875 219
938 36
290 510
435 711
314 467
264 608
800 727
958 601
634 693
978 875
998 107
559 582
920 677
826 270
784 676
621 11
247 911
48 537
774 835
249 88
654 513
48 454
592 6
407 578
51 738
453 49
845 12
983 118
41 161
388 826
189 362
837 437
273 237
326 47
424 575
487 78
440 535
532 384
893 940
962 944
678 415
345 875
427 328
993 469
489 382
647 679
744 836
468 369
74 794
769 498
722 256
929 162
144 461
899 37
753 861
982 783
277 327
659 56
8 4
525 497
738 524
528 482
361 996
204 787
143 973
637 865
581 566
379 725
28 278
763 133
140 97
917 769
776 928
825 784
932 703
282 671
227 162
505 588
511 61
727 654
386 365
519 968
931 898
45 311
529 808
797 669
257 714
438 34
994 263
818 278
966 452
301 546
615 159
486 478
220 214
132 607
931 3
927 862
901 972
526 782
133 323
451 390
389 241
424 735
857 243
13 175
47 315
721 14
474 208
492 46
774 624
5 705
627 932
919 881
905 797
663 38
120 467
780 861
708 205
948 565
800 962
93 199
629 814
214 455
374 706
853 148
683 859
205 310
791 125
543 48
922 559
438 395
26 219
608 86
776 557
652 928
871 745
127 852
911 341
659 286
400 512
786 83
371 992
745 515
469 289
563 391
848 2
138 226
573 747
312 349
656 964
629 879
61 756
731 325
450 742
611 850
254 749
285 978
741 30
493 210
671 408
954 519
762 92
745 335
191 58
36 199
374 665
78 788
774 161
113 224
903 76
426 510
177 711
840 271
93 685
481 765
93 787
636 208
232 382
543 775
792 932
975 518
597 405
306 723
567 771
947 822
199 725
332 377
788 524
648 882
209 481
647 303
621 283
863 853
17 406
980 809
338 955
680 288
713 986
11 280
110 311
102 309
388 787
38 177
311 686
59 521
520 58
176 141
341 39
994 711
797 326
872 488
282 552
128 995
891 491
627 1
154 81
662 543
220 701
720 532
739 131
405 259
189 933
400 882
324 746
593 473
73 466
961 707
370 441
54 261
933 681
614 439
114 629
982 335
682 54
219 421
537 976
33 78
909 433
961 585
532 906
58 605
724 372
664 95
813 718
356 98
751 323
538 865
952 520
552 634
927 771
407 464
747 440
543 8
874 856
593 406
762 4
363 487
376 27
934 189
97 642
288 848
965 826
65 269
698 618
903 625
741 311
442 841
751 985
849 977
841 795
735 955
799 450
794 527
477 728
68 574
371 356
774 336
534 840
606 585
810 861
562 551
524 4
392 628
341 594
605 534
741 693
490 892
143 284
419 973
365 487
899 736
196 674
424 82
667 324
244 230
227 768
586 972
396 928
918 354
814 659
399 656
903 542
293 322
867 658
161 767
394 357
441 818
792 307
201 459
983 445
41 562
565 628
534 314
908 452
668 722
463 67
731 366
961 24
40 829
682 202
596 428
911 389
598 703
48 799
515 31
596 556
536 480
476 796
284 496
519 748
915 250
114 876
626 155
57 308
709 5
88 620
394 686
676 442
486 543
825 434
99 771
596 988
603 424
784 887
272 655
987 187
257 102
416 883
609 473
543 670
479 631
642 225
20 156
861 845
590 313
968 539
301 923
315 437
811 940
93 798
127 702
252 895
586 213
721 481
883 200
113 526
777 783
196 797
291 410
995 881
723 963
772 376
239 88
380 258
200 859
313 805
755 899
18 476
380 254
28 845
132 805
980 328
603 271
738 598
505 813
913 277
541 152
717 707
554 97
317 107
957 630
912 64
881 282
540 262
536 568
459 20
725 440
349 328
63 439
278 568
605 544
846 146
48 915
853 603
365 523
710 322
153 974
386 35
256 278
649 145
198 108
165 923
900 866
604 964
658 234
884 263
778 730
761 179
998 967
782 363
490 844
37 643
818 775
30 74
53 679
571 603
140 737
526 392
603 482
708 261
717 593
876 847
675 638
26 673
605 160
388 447
4 425
442 174
200 473
601 253
504 172
856 996
909 735
389 865
569 449
478 638
42 355
838 70
345 864
743 302
377 484
749 733
909 191
908 110
16 509
715 521
681 924
869 943
11 610
808 580
60 638
571 454
345 409
524 690
273 620
344 2
104 93
736 13
637 644
475 653
505 543
526 186
819 396
481 830
6 289
762 66
280 333
521 625
742 397
668 368
17 12
722 121
135 95
454 962
100 311
505 627
498 324
375 331
506 381
973 621
800 253
954 673
878 49
70 546
769 88
911 843
209 369
654 696
464 108
659 564
420 164
543 270
841 918
601 699
300 574
320 452
179 627
125 58
28 547
956 149
635 867
992 197
236 646
893 52
107 904
969 527
421 512
149 262
431 102
961 83
29 634
535 208
261 12
618 289
559 575
438 195
794 782
744 383
429 989
435 536
894 404
415 315
269 564
929 700
666 242
135 47
876 670
256 489
34 874
778 593
801 568
140 948
351 884
331 132
874 118
668 120
875 83
435 144
999 716
196 17
958 331
65 187
353 321
676 387
547 455
980 701
375 473
649 726
709 980
858 583
703 325
313 490
821 312
206 17
330 165
700 747
352 53
68 28
792 967
835 773
668 563
598 669
641 307
649 852
243 452
730 298
777 44
789 599
708 995
616 38
512 669
785 216
722 205
597 515
525 784
640 545
347 590
215 989
897 216
841 140
668 923
439 446
967 580
397 28
927 365
66 792
34 204
8 109
761 957
624 638
742 616
184 441
206 399
430 455
967 623
596 636
547 387
434 866
319 831
894 246
548 313
38 583
869 399
692 630
356 668
621 450
636 805
892 842
556 674
297 523
298 245
511 197
984 297
63 303
128 310
902 677
623 940
612 492
339 304
474 48
324 95
498 960
252 390
802 160
417 451
36 715
49 547
264 385
845 327
689 325
989 943
354 612
883 966
456 575
622 283
975 946
730 473
906 983
216 60
495 633
512 531
700 913
431 964
298 276
643 339
953 633
282 308
597 518
274 54
445 897
337 420
195 419
893 102
754 461
162 250
446 26
781 146
291 212
462 590
840 106
281 794
91 916
102 688
434 728
742 879
977 431
299 173
851 544
627 605
6 789
855 452
168 989
951 459
553 413
401 394
871 35
540 962
951 642
651 385
722 745
616 700
177 267
225 380
811 852
985 169
993 193
974 161
534 277
973 87
42 726
833 914
761 373
228 712
367 879
449 90
977 417
142 154
684 719
886 848
571 871
369 564
416 343
78 950
620 403
390 15
129 223
929 243
949 509
307 316
741 109
758 718
526 900
224 563
619 110
411 542
333 780
459 750
476 889
52 96
292 794
463 773
370 392
16 319
254 676
635 995
785 746
713 311
646 937
874 618
47 637
512 732
418 971
482 894
860 887
342 504
681 806
278 51
550 646
722 804
322 710
799 107
456 864
771 454
801 645
424 200
283 937
933 53
908 767
947 121
6 641
625 688
447 903
91 350
902 166
154 224
876 954
818 455
138 972
452 915
524 87
852 809
140 112
929 439
233 935
433 859
623 880
114 67
230 16
233 737
593 461
43 277
145 213
84 635
185 888
550 62
976 754
223 468
867 152
260 100
88 693
311 711
925 778
130 508
146 715
245 739
176 288
368 673
501 804
309 39
693 859
453 669
614 676
489 833
829 749
285 917
442 597
980 368
727 463
228 873
178 473
965 355
113 685
28 966
490 689
5 183
901 810
204 515
487 693
700 668
795 985
937 589
934 269
309 661
732 537
887 911
10 852
618 123
889 998
90 379
688 447
914 589
610 470
456 449
164 508
117 311
493 406
900 428
675 210
89 408
747 328
671 110
532 641
233 422
639 675
153 679
475 68
620 85
890 428
886 54
936 3
365 782
761 618
210 436
828 651
196 575
980 867
37 512
860 271
286 852
298 440
531 125
860 504
562 750
284 448
157 573
803 874
355 564
492 565
1 320
216 197
248 548
417 285
413 277
908 699
129 559
139 13
684 351
869 247
102 153
47 259
78 851
485 433
415 978
350 768
650 919
966 250
467 735
888 880
12 796
707 71
859 744
423 728
991 877
233 38
136 312
241 973
745 657
951 448
425 954
367 743
204 834
478 92
67 843
241 999
689 948
70 548
692 493
276 35
370 509
426 858
173 667
832 271
324 135
719 102
89 86
845 294
272 676
738 339
519 979
690 560
280 761
108 972
606 384
360 329
245 786
539 771
805 723
42 482
859 761
584 948
199 781
594 471
457 685
163 328
664 853
888 944
966 348
269 573
84 981
254 330
767 793
101 924
517 495
406 376
256 342
676 807
476 623
630 933
308 793
614 324
999 854
621 317
203 890
890 287
871 144
969 990
290 422
914 807
917 673
535 525
15 211
332 491
186 963
777 494
108 743
819 459
949 440
777 504
682 19
792 905
516 113
895 806
536 161
613 805
186 148
331 202
711 15
45 898
330 174
744 439
269 915
250 219
707 27
723 389
47 867
646 563
981 893
721 869
55 334
26 241
834 709
795 897
725 193
795 407
719 892
198 989
807 449
560 515
476 283
256 875
503 903
790 836
796 511
705 203
197 731
797 383
793 944
281 518
489 428
277 209
320 476
550 128
925 110
643 753
745 251
981 248
154 771
84 303
635 141
858 184
225 655
920 18
600 201
888 89
629 165
650 950
993 200
430 918
662 425
24 760
676 5
8 183
128 445
486 115
938 344
300 163
352 220
533 304
773 421
393 402
939 396
704 932
948 134
203 963
559 227
723 236
232 83
419 360
528 257
476 467
953 128
982 657
700 516
961 473
289 707
875 228
103 580
513 51
66 716
14 626
943 89
214 527
173 985
887 701
242 715
520 547
195 503
205 895
371 166
368 660
873 244
241 328
176 754
732 594
822 98
220 765
188 434
644 361
419 531
414 13
599 935
913 794
790 470
690 513
988 58
525 214
654 766
542 182
872 626
129 694
725 349
811 265
136 455
626 907
339 392
273 290
679 186
84 469
656 126
334 996
537 860
210 543
978 753
731 207
897 456
908 709
721 44
516 699
952 207
92 577
