888 941
248 685
66 232
95 795
383 849
520 706
55 904
651 657
686 790
368 663
30 605
603 932
4 348
5 689
428 647
503 722
103 887
119 407
169 554
566 904
272 756
163 776
176 427
214 820
540 569
174 877
570 833
271 458
464 837
617 960
463 815
339 350
98 919
88 821
5 387
345 761
11 121
187 924
97 901
470 753
982 989
912 997
455 815
4 183
495 919
622 734
311 313
84 230
412 905
670 769
15 644
530 655
489 806
194 390
255 947
212 597
209 930
97 509
665 692
102 936
76 187
671 850
107 389
80 153
13 103
657 922
452 470
313 959
507 611
218 349
807 914
737 815
123 324
140 186
288 368
77 908
100 364
106 758
191 207
220 259
182 646
116 230
895 986
428 597
129 754
561 816
43 983
167 650
189 308
28 307
477 736
194 288
47 836
44 652
590 911
588 616
198 445
432 704
132 445
200 381
549 614
113 657
116 533
193 824
305 484
134 221
510 572
680 761
332 909
805 851
596 773
41 439
324 495
473 769
207 980
594 969
435 756
289 603
551 780
834 856
264 408
188 990
23 270
531 949
106 355
382 951
173 880
345 556
20 818
325 352
377 647
134 298
82 902
633 775
610 682
298 841
183 370
486 640
206 436
171 562
894 905
126 865
210 430
450 682
8 381
110 155
453 655
89 244
355 372
74 389
334 915
687 704
98 526
344 657
867 962
571 856
124 436
554 983
17 999
356 732
25 511
32 842
317 439
24 121
195 811
145 414
453 462
201 913
897 979
293 570
141 764
502 888
485 577
794 928
502 854
660 880
366 855
264 683
294 738
59 105
285 473
602 748
279 803
258 661
231 700
464 552
54 724
301 704
850 891
582 745
352 594
718 977
242 449
95 753
813 980
552 617
154 638
365 917
378 957
9 176
80 961
685 825
486 529
339 729
731 921
84 826
804 867
154 317
398 908
730 764
317 721
347 359
65 471
629 781
157 443
405 790
237 616
75 90
429 497
229 804
630 702
570 665
786 819
239 536
3 79
266 800
320 966
144 512
31 141
277 474
298 419
231 887
35 322
885 962
103 118
466 806
100 131
239 376
302 615
382 775
42 970
534 643
46 360
391 787
187 416
217 837
449 835
724 871
38 123
108 578
156 574
609 736
57 464
711 848
431 623
93 402
17 980
45 377
26 184
120 566
338 600
403 435
128 139
614 658
118 518
192 675
692 929
101 284
393 484
813 825
107 258
125 579
238 624
265 854
160 975
183 760
586 665
547 804
66 558
418 585
676 962
612 721
243 248
637 822
635 732
814 839
246 393
316 484
369 523
101 529
284 498
163 641
223 540
319 641
450 737
127 578
51 190
295 848
22 790
522 932
10 98
256 714
382 843
564 740
194 257
445 755
86 478
53 270
941 978
429 695
273 678
730 908
756 816
377 958
130 309
140 833
547 759
281 841
518 539
35 963
646 865
269 401
379 919
210 966
241 808
68 591
323 759
176 700
307 718
361 551
120 799
450 548
74 731
389 592
622 776
621 907
308 641
560 890
452 687
848 878
470 693
368 916
93 229
68 947
752 781
551 850
300 901
327 451
192 384
6 271
178 968
962 979
838 869
526 874
674 753
719 726
223 994
88 452
439 508
543 752
290 602
447 543
255 898
639 871
91 494
411 997
25 977
373 863
198 248
741 872
353 819
576 944
32 166
380 605
484 540
501 830
87 948
694 726
846 949
289 333
330 443
53 468
659 778
210 684
378 425
434 731
378 597
307 763
40 410
303 720
221 524
485 963
169 211
368 657
160 990
9 956
62 673
684 776
460 841
571 894
238 681
303 835
59 962
822 950
2 670
477 879
892 962
413 842
500 526
38 781
791 842
867 994
123 205
398 904
150 935
173 970
273 831
360 891
310 587
65 590
542 981
225 469
504 663
382 638
515 772
421 710
767 915
472 577
833 890
178 871
193 984
167 351
64 818
405 410
475 726
59 347
17 816
284 874
275 480
608 995
29 399
314 705
149 635
391 786
9 820
156 569
273 554
324 372
337 734
130 415
210 477
475 579
111 294
126 805
414 738
137 473
531 795
803 944
166 942
338 688
257 951
495 506
530 819
219 230
360 553
115 635
462 838
47 484
852 925
610 664
83 618
153 414
614 957
132 710
398 899
202 823
8 318
60 538
291 489
42 110
3 97
510 841
557 559
484 677
287 761
380 500
654 723
146 689
856 963
174 862
607 997
64 615
477 667
156 505
615 768
123 550
60 712
317 623
969 994
83 460
634 960
709 815
961 966
750 929
169 924
128 143
273 560
292 743
37 601
157 448
216 999
280 281
411 597
256 733
592 716
168 578
29 983
287 995
37 296
277 465
314 420
939 946
41 980
17 232
642 680
174 211
31 807
443 844
100 404
348 528
169 696
550 926
31 565
327 897
174 603
144 269
90 595
208 927
132 440
126 945
121 471
504 689
278 533
35 299
827 986
155 735
662 875
57 906
579 954
534 585
129 730
76 803
172 364
3 656
300 804
277 783
124 824
754 782
358 433
696 789
261 525
203 488
260 539
470 747
214 332
5 695
62 160
235 771
127 524
243 681
26 779
903 958
92 203
10 561
151 526
139 257
460 676
567 627
72 374
286 390
59 395
121 982
105 907
432 708
584 952
113 364
330 423
533 619
629 868
446 746
55 781
809 885
864 867
729 939
119 591
226 650
560 866
123 773
17 184
557 602
488 670
170 318
446 937
56 314
502 919
52 60
297 910
213 777
513 942
104 717
295 413
106 279
230 855
405 872
414 962
254 826
144 633
424 431
434 480
97 353
335 509
245 757
806 970
22 671
739 913
678 776
386 882
241 958
464 715
230 466
292 677
484 662
261 789
93 223
542 741
76 928
51 685
209 673
655 696
881 920
9 787
174 599
243 909
60 767
233 624
290 301
127 878
316 667
388 409
481 890
170 952
355 910
583 855
510 565
631 798
419 783
382 807
402 593
360 643
462 619
753 946
272 824
232 588
843 972
85 350
302 453
255 715
9 110
651 926
282 972
724 755
701 883
489 646
132 286
359 748
657 751
376 853
85 833
676 964
57 314
113 863
368 968
930 978
581 830
802 904
629 864
910 917
399 864
150 564
275 884
635 899
752 932
11 765
190 328
599 793
642 906
611 814
274 745
456 941
326 845
258 542
520 826
460 691
376 920
193 804
3 92
791 935
155 197
52 387
483 845
477 986
751 801
88 377
29 898
576 833
227 443
119 405
931 964
448 884
642 659
40 662
734 831
283 949
1 986
670 821
9 846
299 949
162 739
60 326
121 159
348 636
107 954
105 918
390 554
49 154
194 196
63 282
12 378
364 566
365 588
211 538
597 837
512 759
576 838
171 697
160 349
304 397
267 503
10 574
57 729
59 605
123 923
301 887
453 487
18 853
42 556
416 991
745 929
103 321
119 626
371 469
120 786
125 406
623 699
32 416
428 827
704 989
877 950
357 790
682 727
76 643
283 411
380 420
340 523
54 460
149 425
281 288
406 545
521 694
105 462
886 905
289 895
590 592
772 947
382 806
377 675
310 883
303 788
481 691
178 745
679 941
522 574
419 967
13 980
437 940
827 846
117 323
741 913
61 865
213 443
240 671
172 906
550 960
561 593
91 441
690 734
564 771
90 308
640 984
276 456
283 430
474 753
215 752
19 813
432 584
456 608
132 824
362 726
93 276
672 886
362 367
490 621
279 281
263 581
37 274
704 891
366 672
457 777
828 933
366 942
412 903
236 822
35 536
128 315
164 987
367 532
349 988
374 628
621 955
243 895
135 344
369 599
409 853
146 786
88 237
2 152
326 991
238 379
215 905
379 859
226 892
263 594
214 638
188 574
818 945
83 642
305 683
158 363
92 509
296 681
449 949
293 683
127 274
342 672
179 531
72 74
110 337
18 676
327 592
625 864
762 948
267 419
630 631
75 577
491 874
756 792
675 792
85 154
66 109
245 849
923 993
103 669
612 687
131 940
280 996
42 565
184 944
814 927
166 391
354 657
462 617
449 644
254 887
151 320
0 348
341 918
587 923
796 887
275 928
179 907
96 924
220 301
115 280
147 446
853 859
455 828
257 315
570 825
144 976
492 890
808 976
186 251
748 982
138 375
262 318
186 282
414 935
695 758
51 905
262 493
110 949
90 426
206 915
702 996
238 891
546 867
399 732
118 147
67 609
329 522
156 927
516 693
91 626
388 494
234 884
756 994
535 847
93 420
114 416
6 795
341 655
54 225
74 696
141 553
305 427
232 822
583 690
674 925
317 666
169 201
252 277
195 787
124 616
239 880
27 32
39 597
720 822
445 794
350 518
175 287
462 777
360 759
37 152
387 469
703 908
307 670
185 866
94 662
326 482
866 901
705 850
258 425
55 672
543 572
211 406
535 718
478 673
826 896
515 635
295 570
543 966
80 229
184 675
18 742
353 995
58 236
845 846
483 870
55 902
413 660
267 483
195 292
313 443
118 180
78 414
102 973
331 732
268 406
6 148
286 359
496 874
341 769
253 721
563 623
328 660
279 635
812 830
477 572
626 690
56 658
112 456
382 540
788 796
802 808
288 446
514 784
635 673
394 478
41 888
369 901
4 370
180 534
186 752
11 812
21 795
221 251
134 603
144 930
304 391
84 679
751 950
464 776
586 942
170 826
335 891
79 705
247 260
239 433
251 364
159 598
171 624
110 763
774 907
40 165
211 477
196 314
12 779
90 717
612 954
290 896
503 975
102 347
888 952
190 838
463 814
9 226
783 925
133 317
300 697
146 496
11 278
454 509
815 995
66 243
457 922
219 805
376 806
264 744
110 934
102 574
100 111
377 800
246 286
47 546
193 983
346 395
256 823
800 819
71 219
62 881
493 633
38 869
782 792
134 902
68 588
520 828
629 700
298 898
267 297
197 250
490 944
596 666
200 397
485 623
899 968
461 504
885 894
330 677
464 676
96 931
53 760
105 617
741 867
8 755
164 304
6 610
206 248
448 672
509 955
424 923
409 928
294 736
67 175
203 323
254 883
288 300
269 366
459 745
136 501
300 467
429 805
406 658
331 636
854 943
278 840
219 601
559 955
247 734
374 922
258 289
529 589
895 898
644 858
346 355
174 497
654 998
604 657
60 592
340 915
532 887
106 545
456 486
414 733
542 788
656 832
185 398
297 773
432 984
139 293
330 790
666 681
270 444
338 857
30 214
101 124
669 914
400 560
326 478
20 486
466 494
204 865
31 978
463 514
159 962
644 955
621 949
325 745
15 243
457 602
45 726
312 910
748 822
578 712
148 198
615 950
155 692
723 832
133 698
447 539
494 857
91 158
467 769
255 710
784 858
182 519
781 936
36 494
558 604
104 614
565 757
71 801
72 255
557 877
416 953
4 162
262 447
672 729
216 928
353 791
138 310
426 535
91 381
47 463
429 939
504 696
346 575
418 850
727 831
136 975
331 495
651 757
131 323
347 486
251 629
52 741
587 939
168 382
320 631
260 782
286 412
111 308
158 861
44 529
237 857
181 732
184 540
489 671
327 507
111 371
775 956
247 852
20 363
35 982
3 764
295 416
50 604
263 879
114 408
308 352
617 841
436 510
25 926
532 533
256 605
914 995
32 848
161 747
143 220
224 782
430 907
309 992
386 871
500 573
631 881
204 601
641 722
111 747
919 996
631 876
253 627
637 790
304 827
47 384
518 799
271 707
263 948
334 368
486 941
118 187
174 743
248 719
182 736
347 655
178 979
783 884
674 958
137 772
156 330
130 184
27 808
189 975
423 557
662 910
849 851
25 28
99 944
274 681
281 621
688 811
572 952
910 947
599 719
399 929
584 876
59 255
248 392
167 230
244 806
9 77
445 457
34 390
556 660
71 189
111 282
1 586
300 684
283 497
19 896
212 247
624 832
502 576
85 872
30 744
173 329
39 127
426 631
517 539
86 940
720 729
51 82
87 307
156 382
370 401
404 935
1 237
503 559
431 813
588 909
270 814
83 205
66 397
266 631
70 605
558 686
790 961
97 768
49 502
253 419
256 658
257 706
247 265
412 760
49 701
322 863
323 757
68 72
52 823
690 780
122 248
467 912
561 587
362 610
90 967
382 698
88 625
224 955
67 706
637 755
120 311
795 970
390 420
595 867
794 909
375 916
509 842
71 181
543 782
33 872
415 510
488 922
856 877
64 562
296 701
417 669
364 991
136 212
381 432
176 731
107 693
203 444
301 625
83 274
307 520
31 307
75 229
283 871
106 935
197 755
866 989
524 705
88 209
590 842
520 573
118 214
32 915
334 769
43 540
61 769
77 702
129 444
306 667
412 765
609 954
872 943
396 827
36 649
484 843
357 979
449 768
801 923
364 692
257 487
87 256
318 789
114 685
271 344
133 683
87 461
333 645
31 824
32 729
565 861
192 227
922 995
845 993
148 358
537 635
615 624
244 285
766 929
37 751
625 884
72 86
717 971
2 419
500 542
386 755
66 613
299 340
292 961
109 186
75 650
617 745
52 341
818 902
622 653
207 248
279 889
334 861
106 349
215 243
602 958
24 998
297 567
365 528
903 941
592 638
735 978
382 561
428 816
50 200
469 759
298 711
391 985
572 740
443 787
401 983
333 741
661 778
495 982
189 923
179 750
80 867
266 429
463 694
15 245
66 97
747 775
166 777
84 701
258 527
489 593
281 582
411 926
243 908
785 906
8 183
51 964
88 583
551 832
277 429
567 726
694 847
474 625
558 860
470 678
438 519
63 719
102 989
345 482
249 388
130 432
396 447
835 836
19 30
388 659
800 955
648 738
1 212
625 861
122 303
331 560
394 823
631 925
113 735
622 984
105 853
601 768
552 956
438 934
327 826
128 945
134 776
247 401
347 370
30 704
282 879
776 914
156 511
379 779
585 847
884 967
186 788
275 624
74 603
19 802
287 731
55 507
302 773
120 260
316 672
307 502
196 278
352 573
141 952
483 988
537 719
76 308
583 859
52 933
186 207
269 305
494 712
128 268
14 388
39 740
243 705
253 346
873 919
15 957
223 441
113 355
160 663
189 372
593 599
657 785
800 962
407 647
26 535
41 267
7 924
432 981
602 778
476 586
49 543
272 843
198 336
385 849
214 926
221 813
520 878
672 950
193 357
219 319
586 893
169 260
692 946
502 900
88 822
728 871
571 631
144 320
122 881
169 688
390 808
501 680
268 803
461 704
161 376
33 406
293 962
260 575
77 338
160 161
241 517
148 384
165 528
287 820
761 989
921 975
379 828
0 601
631 658
144 813
34 846
348 550
477 492
182 609
122 906
423 694
78 363
528 924
744 958
167 720
494 734
465 641
595 674
658 817
253 631
287 802
705 829
534 596
441 855
70 550
216 786
140 980
666 939
237 834
323 659
652 680
355 788
599 606
13 852
167 589
491 770
479 872
407 444
299 427
200 498
201 416
182 284
302 909
121 146
132 136
169 469
136 609
524 736
567 889
508 940
56 784
263 723
40 42
240 374
576 892
8 528
758 917
831 879
319 415
236 363
488 499
364 846
235 765
176 253
274 662
312 553
575 943
628 983
2 969
575 862
578 583
390 688
221 853
268 919
282 541
29 505
134 703
369 746
468 999
94 897
209 661
647 956
136 627
291 458
630 866
320 560
62 802
249 655
168 284
177 923
780 803
558 937
304 483
304 658
656 908
317 398
398 469
626 958
25 917
416 655
136 736
568 938
150 817
434 945
220 337
140 963
1 522
429 836
88 178
140 834
348 539
504 817
482 937
775 962
399 543
887 970
631 890
782 825
707 770
396 568
532 991
344 889
318 406
180 936
321 758
106 771
212 627
149 276
109 403
463 508
785 947
396 578
573 675
360 734
281 696
39 131
20 813
383 571
690 915
507 801
278 588
800 907
257 535
301 366
765 939
227 886
902 975
578 816
529 548
312 596
795 810
635 975
167 370
546 858
53 286
226 659
684 918
27 941
328 806
308 745
445 887
348 983
799 862
410 926
590 680
7 490
386 994
465 553
363 365
3 763
417 774
229 453
608 693
746 851
289 406
596 734
293 579
155 434
712 730
411 918
303 925
41 901
271 719
946 988
82 710
343 851
484 573
304 529
403 533
380 822
328 809
103 909
695 907
258 990
176 408
63 401
453 654
77 456
402 725
65 808
112 409
11 949
334 668
478 867
71 211
42 880
539 951
799 983
594 646
406 789
122 542
469 928
548 925
5 274
70 328
82 792
445 831
165 741
113 572
33 184
135 427
26 417
378 400
376 825
346 966
783 821
252 508
57 749
530 754
210 683
176 765
8 354
96 562
173 676
20 558
507 860
277 985
533 715
30 359
92 728
677 875
538 549
298 479
361 947
404 630
581 923
278 747
309 941
374 466
746 985
198 377
253 362
786 827
209 430
497 874
175 938
101 487
65 580
12 138
294 542
217 642
389 475
416 495
221 698
36 883
260 319
234 572
61 974
711 756
271 560
561 630
87 731
152 400
538 664
164 958
158 433
175 908
23 547
598 677
560 596
634 916
172 868
498 840
281 551
255 552
112 885
465 551
617 866
281 704
220 404
189 591
379 766
98 278
127 141
738 876
510 687
211 654
378 494
12 709
398 964
564 862
382 850
413 819
248 469
4 100
690 691
194 421
644 809
303 699
576 771
41 810
47 86
373 817
82 893
643 829
47 745
249 505
271 479
68 727
520 740
84 782
211 630
203 372
274 903
397 675
68 831
269 559
115 932
361 438
267 366
4 413
365 510
14 844
82 781
873 924
8 602
165 656
211 638
264 538
213 466
13 297
634 924
749 919
357 856
110 574
115 977
342 988
354 977
110 538
437 462
335 391
822 991
460 557
447 555
21 76
12 89
646 671
13 942
221 748
210 299
276 796
136 677
654 970
490 861
116 279
452 675
23 498
795 932
310 350
379 739
724 743
180 747
138 689
340 767
348 915
26 969
291 403
32 246
149 504
180 877
900 953
30 748
692 832
451 563
175 431
307 612
274 697
158 315
187 277
655 887
193 976
265 948
268 298
194 772
72 799
304 752
686 972
157 852
303 379
162 720
27 830
456 774
284 724
263 771
562 779
107 151
416 755
375 407
66 602
217 500
26 804
321 350
174 491
222 507
228 829
12 384
255 511
332 468
240 795
709 947
19 98
126 168
576 867
502 933
2 530
151 556
158 824
649 906
766 998
180 871
256 994
192 601
119 660
285 914
233 252
623 976
144 331
550 750
72 604
484 602
958 987
116 510
769 811
118 162
341 535
342 881
534 949
68 482
120 194
447 983
311 353
36 70
172 455
587 880
423 776
734 834
345 410
203 573
321 466
1 735
77 662
612 882
716 963
510 680
15 836
541 957
326 379
134 578
517 904
14 680
200 940
702 767
897 970
363 627
363 643
305 716
792 950
269 756
19 950
266 855
317 575
644 749
306 679
210 778
144 196
243 488
10 344
542 594
169 332
327 957
674 884
632 677
254 976
785 995
403 556
203 873
952 978
284 517
647 983
531 847
90 143
19 840
452 913
136 434
434 743
319 463
447 769
746 996
133 701
257 741
296 536
483 866
248 352
231 502
0 349
495 762
133 439
243 687
121 398
379 833
194 217
152 986
500 994
47 84
178 633
521 657
140 474
387 723
492 889
306 844
239 421
30 340
379 906
305 626
357 501
70 138
552 642
56 898
142 493
127 945
602 671
145 648
387 742
220 587
276 527
431 867
123 300
206 250
503 876
356 863
1 233
137 426
834 995
387 489
327 333
350 616
616 935
30 496
355 716
617 632
400 595
247 851
101 524
27 454
329 669
735 915
23 161
18 404
347 792
27 508
125 476
377 412
445 873
794 800
763 942
784 889
164 636
40 137
89 943
419 771
154 612
635 686
90 667
14 654
234 514
41 711
419 990
124 435
270 644
236 586
34 372
476 550
8 965
450 590
9 908
221 520
259 515
156 182
162 701
548 936
590 676
18 647
123 361
5 454
42 394
780 944
414 772
330 775
272 737
225 645
633 798
148 517
25 57
330 758
187 878
215 694
694 820
181 234
539 915
82 835
496 695
377 607
623 696
649 848
282 341
210 646
55 430
112 236
775 814
343 860
163 991
577 906
76 697
588 617
699 991
39 423
382 547
171 416
66 78
371 771
18 700
483 981
73 569
239 595
290 345
452 688
358 806
265 855
434 882
443 778
218 933
480 817
233 600
3 678
375 651
704 801
393 782
187 818
134 352
49 410
425 862
583 737
354 572
359 438
233 236
137 521
306 451
1 403
357 891
81 895
234 732
477 599
16 786
295 720
57 272
49 121
210 271
632 844
70 564
152 203
340 655
106 673
27 998
509 889
384 942
116 784
176 383
545 593
240 521
146 617
298 739
195 569
828 949
514 765
250 968
18 906
660 692
364 658
71 874
455 548
168 684
345 571
420 516
242 293
756 859
406 439
635 950
328 900
93 815
65 766
414 784
74 323
688 828
733 899
633 914
82 706
629 669
89 779
21 145
254 735
174 233
12 183
692 809
435 976
553 786
42 200
690 717
626 870
359 405
319 770
344 476
14 754
106 533
455 603
190 907
492 857
222 365
27 526
815 914
52 503
720 897
252 410
231 614
372 633
403 590
43 287
231 797
653 689
108 683
293 942
299 502
16 434
76 461
542 991
397 628
43 349
646 648
111 261
744 879
821 985
28 499
113 826
772 861
222 417
803 873
272 589
348 889
402 783
31 691
533 735
179 732
735 843
614 792
588 777
439 787
248 806
522 984
295 361
845 935
0 64
336 808
589 697
37 343
728 833
366 374
458 815
545 550
302 690
242 516
304 467
273 681
204 904
257 617
454 851
553 915
361 454
395 604
411 641
91 596
721 817
314 537
211 276
87 578
604 901
369 820
260 853
516 642
57 252
133 908
38 706
176 513
752 780
163 260
351 773
111 494
169 425
31 445
119 636
375 538
75 195
335 907
48 901
203 458
153 336
212 718
375 894
77 127
26 337
151 642
41 105
562 646
29 530
7 166
500 734
56 575
281 963
262 329
217 465
139 370
154 858
529 934
11 104
8 483
2 701
634 742
107 632
637 656
662 663
155 162
212 749
30 90
352 527
711 744
170 851
324 467
61 401
205 517
213 765
0 466
215 987
560 674
216 619
281 311
231 818
796 980
30 886
10 910
590 721
6 112
473 924
337 436
227 641
344 855
206 855
773 810
194 722
447 814
110 938
447 521
595 929
501 959
833 863
221 424
228 936
213 888
53 325
550 632
318 405
877 976
138 613
650 807
212 450
502 973
421 560
23 489
368 876
202 801
22 91
28 978
602 866
8 593
143 543
214 992
321 901
91 866
93 459
24 25
351 543
456 526
550 772
492 945
98 778
694 870
473 672
250 427
843 891
434 435
428 986
239 648
91 749
457 560
185 483
80 584
463 834
536 958
13 834
143 450
497 932
13 405
169 263
60 833
106 620
445 847
48 495
36 149
494 587
62 124
329 646
163 204
461 741
473 826
275 575
859 970
772 983
265 294
450 599
57 706
70 553
471 502
401 891
340 972
34 385
464 714
20 33
229 494
54 113
321 688
291 329
454 548
165 626
225 748
454 967
283 389
137 360
113 212
28 185
453 765
269 571
604 831
60 289
403 451
114 772
443 796
343 415
41 250
350 860
619 827
804 902
217 516
391 781
629 772
434 966
537 538
369 703
345 494
781 945
100 248
69 895
44 484
591 646
451 526
145 996
152 279
399 848
142 669
629 650
914 948
85 452
140 838
173 332
837 954
289 630
202 699
185 246
128 184
62 244
240 579
559 858
310 393
58 414
40 452
64 367
501 988
171 826
344 994
158 831
298 788
473 853
10 840
24 451
138 696
86 717
645 936
681 928
338 955
447 759
378 512
126 366
365 649
192 359
345 703
543 996
16 843
683 849
300 378
516 707
233 285
142 513
449 966
766 852
209 230
278 687
597 995
141 689
34 707
250 844
30 688
618 879
723 996
532 783
528 864
449 928
165 423
484 963
167 872
250 433
397 880
346 473
162 875
840 934
196 684
536 579
154 724
448 458
342 502
231 366
223 511
168 388
131 934
159 872
122 298
47 592
65 354
230 746
227 586
516 776
53 622
355 699
165 207
62 147
508 730
731 780
593 948
471 528
344 431
81 687
631 818
129 173
49 227
276 755
271 813
404 787
111 324
486 884
137 946
78 715
220 661
27 691
189 458
228 387
540 558
21 211
260 731
248 838
413 889
293 461
552 786
39 405
22 34
24 320
92 523
95 398
425 753
138 294
236 526
128 522
84 85
149 167
346 749
235 357
514 818
66 528
285 956
105 978
482 671
298 546
697 926
641 679
474 780
62 325
199 658
190 742
284 691
261 630
618 792
306 865
746 788
373 745
383 830
55 723
22 664
590 953
71 595
621 897
727 946
385 960
145 502
430 479
194 740
412 986
278 710
498 645
24 370
243 759
552 967
217 814
341 768
159 764
715 781
442 661
79 973
225 827
306 476
7 22
398 419
108 360
5 49
425 958
202 727
185 280
351 521
214 849
8 471
186 978
789 991
869 980
159 317
145 446
453 817
167 215
224 879
274 675
237 634
699 964
188 236
596 709
445 588
59 275
454 605
595 598
578 596
265 464
262 738
410 555
67 577
123 292
798 809
46 918
784 969
362 972
206 959
33 146
308 404
205 210
265 803
214 806
472 479
885 890
379 952
502 819
596 628
653 866
26 437
188 389
394 762
700 795
104 540
97 456
73 315
253 473
287 987
95 767
332 811
542 657
476 637
397 585
50 457
452 483
640 839
601 872
386 572
278 749
29 557
696 727
630 980
169 918
319 616
37 482
694 949
25 586
422 522
171 979
824 975
15 463
687 967
353 969
70 612
641 983
627 711
609 689
210 691
363 879
826 916
127 845
870 962
65 485
589 644
464 820
279 564
532 836
319 805
237 931
573 875
854 924
284 613
327 815
695 823
1 690
888 963
129 926
194 758
411 755
135 227
575 700
763 859
178 584
173 920
461 795
385 746
1 382
350 817
525 710
752 864
526 827
7 640
751 753
516 554
506 689
96 433
307 741
197 677
117 485
851 946
265 949
618 683
33 332
42 435
299 910
788 794
479 787
148 232
538 702
101 396
549 743
829 837
378 856
514 693
365 848
465 991
315 674
83 999
59 519
41 321
170 187
109 649
257 974
234 512
311 687
407 908
90 236
244 444
758 820
137 668
128 476
133 143
154 569
142 213
440 535
534 610
74 995
49 612
198 605
913 916
174 885
473 675
271 616
436 917
54 382
105 858
182 590
336 353
159 847
599 901
734 787
562 808
174 782
209 739
123 372
8 609
649 683
82 265
955 999
337 701
53 158
547 587
252 749
260 275
176 451
185 860
315 422
97 993
555 948
189 672
197 678
281 679
715 880
187 944
714 997
119 524
156 423
58 257
333 675
126 517
729 861
176 663
503 657
625 803
564 814
242 475
11 108
244 273
175 569
241 431
308 566
74 360
731 770
683 759
103 201
316 885
282 901
492 786
118 910
474 941
284 417
648 716
341 877
53 892
323 910
294 828
7 631
715 903
586 777
233 474
139 711
549 774
394 612
522 560
853 864
500 996
64 622
148 500
40 405
667 905
551 716
347 496
399 910
40 414
240 337
273 829
174 952
603 916
515 920
439 784
368 787
285 991
204 785
843 961
748 826
542 629
125 651
241 562
656 876
213 602
227 896
200 394
401 997
117 674
512 908
810 881
47 447
251 872
67 233
59 213
815 842
601 818
194 319
380 547
202 982
99 760
209 507
651 963
504 768
17 637
28 447
76 898
122 247
327 480
189 892
356 539
86 492
174 405
686 907
889 952
65 889
340 451
343 572
76 766
112 403
445 492
202 695
449 568
248 817
358 929
140 820
66 579
593 664
336 703
289 500
592 741
284 706
192 630
627 958
58 91
504 713
268 936
199 504
69 369
104 351
79 597
146 523
176 188
512 739
591 891
153 835
211 332
119 877
98 841
252 835
542 901
108 478
521 659
334 590
28 791
293 460
388 817
606 916
5 697
780 896
288 934
620 731
145 202
339 849
37 652
546 943
51 938
376 811
63 710
91 401
47 854
594 903
509 864
510 869
558 642
117 198
576 848
74 170
20 402
406 765
57 708
953 995
111 329
158 173
392 559
264 598
167 958
192 822
28 54
43 938
160 697
136 625
307 360
699 762
327 816
169 736
474 876
83 987
241 803
161 548
152 777
111 146
297 691
677 933
97 977
616 794
104 489
420 850
411 471
90 612
133 640
178 516
261 607
504 763
17 502
311 655
794 809
91 118
51 852
769 950
380 737
744 870
516 841
72 605
36 340
47 980
170 226
129 496
352 487
244 342
369 555
516 997
115 717
569 607
518 728
251 871
465 616
473 659
484 545
264 824
581 663
103 156
5 889
233 729
477 709
71 79
385 420
454 947
554 887
375 405
247 635
8 452
215 481
111 699
378 727
876 960
384 391
63 632
389 648
99 361
478 784
215 530
204 477
21 91
383 396
18 849
857 995
210 471
691 934
69 262
490 662
381 405
797 874
37 264
751 797
275 715
535 597
92 842
74 215
183 809
384 964
180 959
594 651
522 637
784 937
599 706
88 274
356 500
237 394
34 116
497 831
32 662
504 780
206 476
72 660
16 36
196 396
342 995
199 517
136 979
38 653
88 279
444 478
715 780
190 248
687 749
80 411
72 212
268 548
340 419
435 560
309 376
371 983
182 651
241 631
246 670
669 758
147 526
203 658
745 862
906 963
338 433
375 857
551 643
405 970
335 966
711 757
627 740
278 434
27 922
592 909
274 930
152 703
77 258
162 291
3 68
255 436
630 759
293 662
51 625
312 632
369 741
375 996
481 809
274 755
189 536
463 699
466 754
896 967
12 129
16 187
549 794
660 804
98 424
322 401
306 501
65 870
47 440
866 880
250 492
791 987
28 39
495 606
573 793
743 806
54 930
725 978
264 501
428 586
255 929
245 320
151 292
17 761
363 525
512 862
506 890
112 551
697 737
480 685
739 855
29 763
694 840
7 310
341 436
249 948
494 717
621 869
138 734
238 663
97 100
528 955
343 431
67 80
128 752
913 983
676 843
12 889
372 516
200 209
160 449
510 877
131 295
98 433
337 865
314 449
789 977
132 269
336 408
537 565
440 478
520 635
506 885
374 524
76 257
417 935
445 877
172 646
576 745
441 606
55 434
223 755
376 384
708 792
273 712
329 504
103 202
139 609
16 439
48 335
92 270
817 970
463 716
142 292
100 560
86 346
193 507
891 922
570 630
36 634
255 717
139 358
630 919
319 710
646 654
739 758
276 575
61 992
391 555
303 637
8 75
515 650
268 572
759 838
202 795
809 825
864 964
136 167
594 838
241 846
844 957
120 332
393 884
275 465
454 948
579 956
529 581
797 824
153 935
707 988
82 813
516 946
35 129
75 82
225 929
421 668
0 238
122 541
358 745
46 398
329 812
2 693
178 910
415 843
465 831
474 547
990 996
477 494
377 928
552 954
209 221
375 447
221 268
319 570
320 627
365 791
1 719
263 837
680 898
363 678
152 863
263 859
109 494
223 336
37 240
177 247
461 904
35 46
172 616
151 354
288 719
289 295
132 438
552 688
582 812
404 675
86 667
580 886
574 776
155 165
684 814
276 764
588 811
311 761
665 779
264 420
559 736
174 709
614 691
855 863
267 548
635 882
286 768
414 567
342 723
157 579
344 407
348 785
96 507
109 286
113 725
706 849
285 768
23 328
238 734
282 536
418 857
143 917
485 539
557 881
489 560
319 390
175 833
340 667
623 776
736 978
37 854
139 585
157 961
819 891
355 551
173 409
126 443
665 904
280 462
840 898
641 951
136 511
179 816
792 828
158 307
161 528
466 547
652 704
472 779
330 595
121 179
305 739
916 996
322 548
221 458
740 761
214 251
249 382
77 430
174 738
587 703
135 899
521 552
300 839
376 787
555 630
260 722
176 861
76 528
108 816
322 641
67 890
498 705
319 879
588 906
487 934
41 455
233 391
107 119
20 738
632 675
812 888
160 530
236 423
410 532
51 52
119 854
911 941
260 969
557 791
77 518
397 560
140 885
145 992
260 517
82 935
149 894
175 309
776 950
538 897
482 949
589 689
420 882
742 952
494 743
13 299
48 173
58 925
70 189
50 801
485 587
88 736
263 731
397 860
213 646
48 398
340 947
89 367
41 222
109 717
137 761
82 310
7 809
350 368
429 770
16 151
239 607
104 339
502 853
68 199
499 949
116 798
205 289
165 864
598 627
581 735
15 740
45 549
22 765
252 451
403 536
143 819
275 643
497 834
128 385
565 979
33 335
624 777
294 590
189 840
273 421
13 924
788 970
810 915
87 167
613 975
432 922
471 917
305 707
187 767
332 691
26 518
647 718
2 308
294 843
567 849
616 774
405 933
96 200
183 567
367 533
159 641
317 982
25 559
287 326
330 564
10 83
80 708
82 711
376 741
590 906
874 944
229 364
631 812
429 551
148 348
84 859
401 789
700 841
128 778
26 695
389 459
130 167
212 469
210 230
488 589
153 885
715 869
114 698
682 895
43 685
241 832
434 439
533 569
562 911
264 373
652 746
474 893
311 475
36 252
189 316
137 383
59 603
81 93
331 498
475 893
68 368
725 807
502 610
416 729
874 993
142 526
92 387
352 403
214 389
144 578
637 913
747 995
82 597
557 678
398 842
567 977
206 479
530 935
756 896
280 390
634 724
777 987
127 991
376 782
522 954
787 926
25 944
26 134
164 974
816 936
563 913
121 736
393 618
408 641
374 688
8 31
765 808
892 995
151 371
25 27
305 678
622 813
331 947
0 657
112 936
27 826
202 914
148 595
532 556
258 588
596 619
266 361
614 779
254 930
281 337
15 956
121 586
269 989
342 420
279 884
105 630
832 911
59 371
427 903
367 615
161 564
338 779
117 925
179 745
83 400
708 812
450 751
792 829
372 601
134 651
486 764
108 397
479 949
728 809
734 776
96 247
340 434
266 379
124 904
304 797
559 962
10 364
545 713
154 437
146 640
441 632
756 901
382 705
191 733
434 467
530 967
660 715
94 316
220 926
75 570
130 876
102 492
646 785
892 932
286 333
394 564
234 298
100 967
489 534
787 809
416 854
469 732
300 747
305 870
174 181
0 212
422 844
559 666
490 558
128 491
243 408
478 523
706 975
548 797
861 936
277 357
178 790
90 361
18 277
313 451
200 313
15 974
158 682
0 533
25 592
481 836
356 785
314 843
331 463
192 391
100 400
190 821
534 630
633 907
553 946
711 753
611 726
79 121
408 612
1 474
955 989
189 774
311 503
970 994
318 361
186 718
359 814
261 796
246 893
704 798
544 767
