403 893
247 561
244 352
13 983
340 790
6 293
803 889
276 358
102 525
767 850
209 269
120 446
15 557
582 717
668 709
562 638
112 885
475 708
489 589
380 692
337 829
386 984
97 578
32 261
380 974
235 244
355 941
42 956
264 976
25 285
663 685
149 199
674 901
490 858
163 902
345 870
239 609
169 329
706 942
202 680
437 674
276 615
670 792
408 571
646 949
331 693
892 964
217 481
691 919
82 708
593 930
184 779
461 891
353 597
403 555
430 630
258 992
45 136
929 969
545 575
590 918
234 259
92 835
452 754
512 783
188 376
442 968
686 912
265 429
184 283
265 821
165 614
12 524
453 654
551 981
251 380
141 639
485 976
731 937
730 866
801 919
594 596
239 506
20 282
565 772
556 945
183 523
110 707
535 764
512 516
315 892
767 809
532 604
615 785
542 868
482 695
76 139
291 378
573 583
398 707
491 954
652 674
114 829
364 733
245 879
546 880
137 999
21 355
493 604
498 989
471 713
193 852
485 899
482 582
58 980
189 901
193 286
116 575
539 832
553 713
43 85
64 793
416 668
405 638
166 351
712 876
555 776
137 197
607 610
152 469
107 509
436 697
5 575
97 408
2 544
473 982
45 537
127 814
206 765
219 724
448 468
23 788
576 985
186 512
945 981
690 806
388 440
16 594
691 745
290 424
249 694
91 624
751 786
344 905
477 868
336 421
209 925
501 711
223 547
39 844
556 730
650 996
470 596
12 215
288 788
334 857
37 481
176 425
584 683
452 520
160 293
85 788
499 503
402 586
74 977
246 630
248 707
529 979
343 844
132 745
132 954
521 818
244 788
372 697
279 570
439 825
215 613
70 876
465 814
472 891
718 791
851 874
853 966
380 811
196 477
295 680
114 432
202 220
251 710
944 989
173 769
741 780
8 735
552 811
284 822
443 613
354 669
673 816
522 549
71 836
26 131
751 810
305 597
382 659
327 909
0 434
96 780
175 183
339 788
735 962
531 623
329 928
200 744
2 75
293 838
146 672
249 970
482 919
217 907
579 816
544 579
602 992
130 712
176 852
263 469
92 815
743 794
347 773
487 776
133 422
614 920
805 936
169 287
76 856
504 787
244 400
199 718
393 430
329 921
283 798
98 536
242 331
15 193
30 680
791 804
758 813
618 724
245 694
258 902
674 762
41 270
515 760
469 908
542 798
177 181
596 717
190 627
400 820
206 430
349 853
586 666
107 310
154 637
895 908
56 582
9 450
204 876
562 674
104 784
317 824
282 773
35 261
787 963
82 521
570 935
156 871
330 953
819 942
484 727
189 893
199 661
695 865
257 427
212 891
361 716
881 995
268 489
257 452
56 339
326 626
197 626
579 782
601 879
522 716
680 711
341 609
262 304
559 690
802 913
254 274
135 518
359 622
756 879
490 570
196 438
572 687
127 918
1 174
206 634
595 713
327 900
459 899
369 812
261 623
132 439
61 111
491 867
292 655
31 862
145 469
184 410
41 537
103 567
539 737
604 774
26 333
584 931
301 485
98 749
276 540
230 739
74 601
245 606
637 729
107 227
458 517
411 852
406 514
297 771
604 897
901 937
185 923
760 873
486 974
114 859
441 514
467 854
515 812
597 712
802 819
260 824
235 688
447 464
102 236
58 744
133 646
409 995
183 220
169 669
195 380
135 709
822 989
177 689
802 889
286 604
61 462
101 216
681 698
152 548
269 293
210 402
291 557
163 474
129 333
324 495
713 982
386 887
915 972
126 577
215 804
82 217
298 678
319 728
219 331
600 880
442 864
355 507
518 999
128 981
203 828
805 917
191 811
135 804
458 733
261 262
695 949
627 832
345 503
355 677
587 722
629 939
29 984
380 446
780 855
58 860
608 665
771 975
132 208
18 258
865 871
633 814
465 566
793 912
148 968
42 941
570 735
116 981
555 780
496 762
560 709
520 820
148 726
644 935
280 902
305 497
774 938
340 664
403 457
604 723
545 958
118 693
116 451
23 162
231 658
143 785
367 957
94 664
105 308
381 737
210 686
587 984
251 977
380 677
60 281
18 456
179 574
64 295
226 377
609 670
236 807
604 752
764 768
50 870
76 783
639 959
546 821
798 975
652 797
210 531
286 987
228 465
292 913
112 290
134 518
251 755
4 941
705 711
113 772
201 927
248 887
421 840
433 815
220 583
103 820
458 793
21 442
275 355
387 666
184 645
249 521
291 462
253 354
377 519
447 819
67 578
334 770
119 489
61 938
110 702
164 847
568 606
221 843
313 887
310 582
423 455
67 559
164 269
421 788
241 542
235 472
660 921
149 595
41 533
210 743
726 995
563 943
164 684
758 997
51 340
308 826
147 867
416 893
32 667
556 926
792 908
568 750
65 345
70 106
230 632
202 225
145 359
140 395
661 898
393 712
53 590
737 890
272 784
505 656
62 451
582 711
206 685
271 631
53 382
378 613
686 932
190 397
77 331
738 792
229 537
172 802
44 942
215 261
767 828
631 871
806 829
35 694
491 678
658 873
388 731
769 838
29 320
518 749
360 663
839 941
552 993
465 495
38 727
218 710
581 846
202 675
248 739
62 230
72 926
10 456
294 461
131 781
650 675
387 531
313 722
681 865
146 716
712 754
225 422
71 972
4 174
95 98
423 512
326 701
134 585
46 63
195 780
179 456
197 710
195 510
433 876
501 727
23 440
255 600
214 579
570 672
106 770
666 881
283 344
582 868
478 998
258 266
193 445
66 390
262 508
252 293
331 490
794 865
49 123
338 466
138 980
86 908
260 926
895 967
270 902
748 763
381 900
359 445
777 827
687 835
391 439
882 980
770 774
99 246
175 565
155 584
55 844
594 668
771 913
41 563
167 679
67 142
60 853
239 864
699 982
726 926
490 906
261 960
32 59
207 507
443 977
32 715
287 309
52 410
574 616
742 804
295 298
355 809
26 503
485 947
725 873
211 568
171 780
812 829
583 688
372 560
87 131
770 944
748 997
322 533
337 613
64 908
226 987
490 615
252 562
329 975
539 788
568 897
62 78
645 732
104 766
205 249
150 543
291 372
147 257
112 966
30 594
372 933
339 608
212 423
254 750
42 542
289 791
352 610
694 870
988 997
151 203
238 694
705 962
204 338
219 304
165 316
40 686
98 295
379 873
507 633
401 623
675 913
193 637
63 265
332 614
51 835
169 641
226 529
867 955
430 526
98 523
210 691
138 141
518 857
14 716
151 638
118 179
551 663
168 816
500 726
129 134
304 335
123 217
430 882
313 436
957 960
411 648
522 902
142 379
156 420
447 923
565 794
454 697
228 271
217 306
123 704
788 811
360 911
242 380
341 816
555 650
128 319
299 650
573 793
381 993
829 949
96 268
723 746
145 327
346 715
633 821
419 773
779 984
36 364
21 730
533 929
380 661
31 600
173 664
397 824
518 774
138 226
222 325
213 367
652 911
82 637
733 853
69 411
447 632
6 434
529 967
287 910
887 980
644 941
412 766
42 930
620 892
68 114
282 297
301 481
545 916
278 939
702 769
700 754
134 501
31 760
47 453
293 433
234 286
430 698
352 824
244 628
48 444
94 358
192 682
228 395
108 686
229 858
388 558
242 983
44 743
273 497
142 918
283 428
152 713
126 505
106 537
101 333
460 507
189 427
4 175
112 769
628 861
250 693
538 677
583 844
420 469
80 915
387 715
343 539
428 822
317 396
280 498
3 787
310 782
314 329
450 957
778 819
78 471
421 969
148 265
552 921
632 734
473 836
348 531
12 128
353 761
798 986
259 801
125 921
454 935
235 245
257 365
64 687
836 837
337 656
208 454
258 540
193 446
13 893
377 977
21 331
138 171
669 749
324 794
22 260
601 609
505 858
921 974
163 545
110 202
500 564
110 410
456 603
496 885
198 870
337 568
41 237
366 438
32 461
633 978
70 835
397 491
388 756
218 560
412 590
1 134
590 874
782 956
59 805
257 667
236 675
68 946
737 825
786 857
116 198
620 842
685 951
17 59
74 577
277 664
341 411
17 215
1 974
412 997
17 779
22 806
320 605
430 874
13 57
607 640
129 482
81 228
245 520
492 594
175 770
258 516
533 628
732 887
81 602
299 733
98 673
55 891
117 994
51 486
130 478
11 260
239 312
693 832
185 836
11 426
37 307
841 880
665 964
619 728
45 379
352 496
53 595
399 551
389 712
802 843
813 867
180 455
52 500
12 241
37 791
252 345
484 828
493 538
448 618
112 846
816 997
402 694
411 597
123 801
604 987
206 318
125 417
738 822
625 751
15 63
667 894
360 722
152 250
567 952
31 868
150 217
844 847
610 620
773 794
85 781
377 756
339 795
78 881
859 969
32 181
75 874
51 586
203 797
188 364
408 508
395 658
594 625
597 855
556 649
371 993
748 782
121 749
895 983
199 864
194 732
248 420
300 807
358 604
546 855
320 715
67 954
726 931
13 581
529 569
582 900
716 915
0 664
248 837
389 999
193 464
121 713
929 965
323 365
220 885
221 558
175 936
625 662
459 639
595 988
177 560
240 827
592 893
82 844
840 843
305 823
297 389
354 370
226 735
30 463
251 955
21 243
779 999
238 257
852 990
550 578
170 381
626 730
574 762
61 955
769 884
158 612
181 982
759 865
247 717
24 223
498 596
277 620
595 877
585 867
445 730
111 488
218 967
90 730
144 151
37 913
35 649
72 569
289 631
328 700
536 903
386 724
500 696
16 447
574 883
304 385
681 873
648 767
443 857
587 730
8 119
396 500
768 924
751 965
213 645
101 451
528 901
488 753
224 504
200 798
585 739
454 772
222 810
253 773
431 855
192 792
693 975
188 743
505 617
183 495
298 502
284 403
124 826
156 403
357 980
72 201
294 656
105 844
230 617
13 710
825 903
800 805
345 948
895 917
202 390
452 705
89 689
108 867
213 617
270 546
326 824
618 620
462 832
62 77
140 432
233 395
57 695
930 952
485 612
417 695
190 736
506 650
71 955
226 619
617 945
50 235
566 882
50 995
296 482
487 723
91 882
148 308
577 591
452 542
76 499
618 959
235 465
191 620
240 536
506 769
185 819
93 103
53 143
451 701
938 977
68 776
85 173
28 373
292 456
603 872
74 460
46 420
3 957
286 772
815 824
908 943
279 348
82 404
49 381
21 825
194 802
262 370
296 642
95 941
98 968
524 544
780 965
571 783
209 274
89 907
385 850
349 665
550 753
599 747
120 487
289 776
391 666
659 963
33 107
484 904
75 800
8 855
579 765
391 990
141 897
526 832
99 182
543 649
287 643
600 774
728 763
63 430
75 119
505 745
182 649
609 989
801 997
567 816
806 929
70 310
143 703
154 948
325 492
612 803
135 403
250 739
131 802
603 680
229 777
108 411
97 778
372 580
188 446
375 499
809 994
49 797
746 952
203 629
6 590
594 725
333 761
245 327
360 487
717 848
137 956
480 916
405 853
848 851
41 347
388 579
376 508
437 461
474 641
64 442
388 999
141 761
469 721
6 561
206 829
278 318
110 514
234 919
82 963
122 357
701 781
290 745
182 430
103 256
175 545
175 673
166 286
7 288
646 987
168 920
198 852
366 487
73 661
637 976
508 759
289 333
78 813
243 579
34 613
788 851
524 932
218 315
603 691
577 678
249 498
101 199
48 686
709 819
456 759
267 686
19 216
381 909
450 840
63 624
827 875
203 807
352 519
25 395
122 954
425 724
452 624
501 825
662 997
210 422
248 453
21 41
620 950
70 402
378 791
485 666
206 688
825 910
202 559
657 682
82 156
406 609
59 583
462 721
580 672
386 495
273 537
407 893
162 487
630 963
800 892
450 648
473 840
400 712
369 675
184 434
804 840
215 793
255 775
708 936
279 432
94 904
321 853
160 797
112 367
260 791
439 912
710 753
265 775
153 292
144 587
300 476
621 779
515 906
452 876
508 614
236 708
412 909
562 914
69 281
212 674
541 939
4 604
44 269
197 379
561 875
136 390
176 267
11 691
173 240
140 495
100 731
512 848
114 640
62 426
396 453
274 289
278 392
245 436
899 976
813 985
473 852
203 380
214 740
71 265
567 806
405 906
606 650
643 771
197 720
57 468
331 650
42 758
3 962
830 861
332 815
184 674
229 288
380 564
444 987
602 998
403 906
509 909
9 280
82 552
477 609
480 550
292 660
254 874
664 705
468 996
494 872
513 532
448 724
243 787
122 694
631 647
8 603
263 507
442 741
468 993
573 760
447 653
367 669
504 835
17 377
329 901
405 890
135 349
489 925
48 731
183 730
31 138
295 738
533 645
113 388
878 961
225 883
592 760
265 553
779 922
109 994
236 824
525 866
371 792
14 454
192 549
184 575
275 687
684 870
610 808
686 797
375 923
569 684
474 967
301 747
295 749
208 573
74 531
254 450
218 817
709 762
718 893
338 406
520 560
328 442
171 592
366 446
936 967
482 934
762 783
33 511
430 593
436 961
668 887
238 568
56 277
1 774
522 691
43 532
603 975
126 723
90 567
534 573
26 55
140 820
206 839
269 652
88 799
467 583
151 327
58 383
411 780
510 654
42 102
57 697
369 421
184 936
757 863
241 822
164 995
3 381
33 201
0 625
474 560
801 820
711 878
537 843
47 641
95 497
441 547
152 811
320 336
99 183
274 445
424 610
621 805
822 965
839 942
174 313
502 994
466 565
3 224
408 865
402 906
844 960
465 805
7 125
458 801
247 308
209 353
174 537
527 728
117 702
393 619
696 860
215 945
138 618
203 451
8 814
821 916
69 133
279 441
364 668
525 877
63 69
52 597
143 521
537 651
140 347
677 749
964 972
463 975
178 934
748 914
182 539
569 672
201 251
466 920
565 991
797 986
201 406
550 935
586 722
215 439
188 286
244 258
219 504
439 721
750 987
187 289
109 169
313 421
131 662
579 693
123 842
565 881
44 501
118 431
87 222
333 373
410 930
267 984
149 705
58 251
245 693
862 892
558 706
368 635
680 689
164 947
523 865
46 919
366 829
389 805
52 75
179 814
5 163
81 154
139 220
758 913
650 737
128 795
115 208
164 250
463 796
414 671
328 460
46 590
290 331
694 852
31 406
411 508
546 942
766 918
81 676
32 170
160 678
239 966
275 482
423 489
255 297
94 626
36 716
358 672
368 524
52 774
907 912
186 805
104 854
288 572
132 604
458 810
116 776
401 743
258 890
167 908
146 261
214 534
298 558
18 924
328 435
694 792
240 330
95 500
424 786
270 383
193 380
433 496
834 970
239 580
77 406
488 575
20 374
670 789
65 285
688 720
393 832
633 766
163 266
80 949
42 815
220 422
361 653
683 918
510 839
263 916
104 268
491 640
632 830
115 310
697 998
90 187
831 954
76 346
508 572
615 647
219 676
224 308
64 720
170 335
332 790
791 824
431 622
456 741
154 737
92 277
275 596
583 672
155 621
533 620
122 209
512 840
246 416
172 318
342 480
653 813
132 445
915 989
419 797
508 657
101 951
785 900
368 376
349 924
457 876
969 998
161 666
264 862
34 578
410 582
588 728
575 861
385 564
128 804
362 785
312 665
238 450
565 966
490 818
46 315
299 637
45 966
150 907
230 728
165 294
22 139
66 105
235 490
364 631
345 646
501 958
362 740
280 408
579 706
374 770
421 625
22 363
387 513
282 970
242 576
487 733
592 950
186 799
434 782
80 550
403 479
390 842
151 495
122 554
244 730
707 928
291 665
82 405
364 804
375 398
214 292
242 483
635 806
240 780
682 769
249 672
62 86
443 581
135 295
161 415
178 355
58 437
215 583
153 310
445 613
449 524
39 330
84 820
853 922
502 946
454 588
9 897
522 574
9 814
222 327
425 929
483 506
89 718
698 871
400 664
668 924
113 707
549 607
527 881
382 754
209 828
189 322
458 844
625 763
206 337
631 952
266 458
466 984
165 548
207 300
181 875
294 576
183 583
195 462
417 949
196 245
158 519
786 969
549 715
594 921
239 546
857 904
5 371
842 905
401 888
69 557
133 277
212 715
669 910
26 86
223 859
370 683
94 469
161 339
370 933
83 609
831 987
188 467
661 710
445 598
2 62
19 691
136 734
157 255
282 644
595 856
278 857
226 303
99 917
464 469
850 899
33 431
250 887
222 949
19 911
325 548
22 567
369 510
624 654
298 667
258 262
115 506
732 892
418 991
235 649
812 851
134 243
237 373
493 811
323 756
223 830
434 852
142 803
714 796
733 779
38 447
953 995
239 505
38 276
39 582
395 511
645 891
480 990
371 836
291 694
121 944
378 917
59 326
40 533
208 665
655 774
121 703
208 608
646 713
295 484
347 686
42 929
33 993
716 761
52 869
165 410
525 679
544 851
90 429
244 298
94 370
149 953
843 914
358 556
194 912
598 852
246 542
879 887
279 640
500 603
44 365
570 666
44 562
421 486
17 991
438 785
90 387
231 587
297 356
139 269
343 492
219 386
451 590
273 869
91 876
136 722
388 593
58 637
831 950
293 475
260 849
236 731
671 703
411 819
959 968
680 812
302 900
198 244
351 471
114 794
699 836
282 292
340 576
281 526
172 757
171 373
255 369
424 961
781 926
246 836
92 868
59 746
120 609
823 991
433 457
132 618
777 869
410 945
469 747
167 918
842 889
525 803
665 803
501 936
50 380
370 461
127 490
70 118
314 855
284 575
220 988
117 888
441 833
527 540
47 302
496 810
288 336
652 953
139 588
455 541
177 321
2 448
19 425
685 918
280 493
321 620
65 210
506 737
43 617
398 698
16 208
304 546
198 544
36 257
139 712
460 577
241 580
261 908
357 826
298 637
620 671
88 258
347 830
225 946
316 344
332 923
470 552
449 636
20 894
159 485
62 958
552 619
879 994
351 813
57 463
341 728
83 951
816 913
114 650
491 967
458 766
299 363
288 588
609 812
534 649
492 768
711 740
58 396
209 619
677 761
25 102
108 757
53 926
374 704
40 865
671 851
322 983
214 572
26 962
181 496
301 675
738 989
385 393
148 365
910 947
324 394
12 151
418 432
429 806
122 822
23 145
7 673
819 887
782 931
112 913
278 940
619 765
30 159
179 357
524 656
270 441
453 980
412 421
203 871
345 571
25 946
698 842
305 662
236 585
796 850
74 700
142 466
172 694
403 977
703 853
59 496
123 391
896 950
173 803
99 726
124 871
25 713
174 330
375 759
171 919
609 619
103 598
437 644
276 414
47 331
458 619
742 828
130 849
4 639
90 655
83 526
108 567
240 741
790 967
61 501
462 491
89 681
470 566
85 194
484 885
856 877
705 942
143 599
187 590
147 843
230 680
247 369
609 690
833 989
842 929
420 894
304 927
222 861
398 946
416 635
294 430
372 491
351 442
867 891
14 32
65 734
455 597
639 664
5 417
346 472
719 847
504 766
627 646
78 396
495 573
31 355
141 875
79 844
317 946
702 735
821 960
119 909
277 783
549 694
141 373
392 988
92 158
91 844
137 923
62 839
223 770
263 417
98 496
459 767
195 794
106 821
368 940
16 997
724 917
691 865
290 435
205 735
402 593
82 178
17 677
144 799
592 913
62 690
761 873
555 810
68 631
662 789
30 572
648 786
830 947
589 865
265 422
211 324
824 854
293 853
224 790
652 816
55 66
817 859
21 940
360 724
652 738
501 576
288 768
576 715
118 793
383 657
216 333
392 594
188 240
246 764
250 382
437 932
669 791
606 961
164 331
673 817
69 175
190 745
463 674
257 581
467 914
35 316
248 263
428 788
552 885
276 484
297 322
281 628
610 792
284 612
33 961
59 459
274 575
733 833
207 552
523 747
347 588
16 138
135 641
39 394
22 878
553 876
320 504
834 930
648 798
566 610
377 831
21 407
651 754
592 858
658 691
246 734
39 872
526 614
8 866
566 744
31 794
297 703
298 483
946 985
281 552
465 908
872 933
35 816
143 694
507 877
292 546
102 259
425 968
343 619
64 650
137 714
705 787
197 691
733 831
595 994
296 524
275 520
311 457
336 601
357 843
1 830
284 742
260 519
604 880
669 862
882 999
588 735
284 786
115 226
217 411
102 493
912 931
156 619
513 865
463 695
514 557
127 980
76 936
7 290
889 957
289 692
427 829
812 977
444 650
390 868
493 856
139 361
405 517
270 759
382 574
248 317
483 649
375 559
382 586
201 543
490 624
588 805
269 917
618 919
8 361
217 787
500 501
258 709
369 468
103 880
394 550
352 877
551 727
489 788
462 989
86 385
831 973
100 891
861 890
19 603
159 870
723 821
11 530
334 381
350 566
744 836
116 188
621 668
268 409
509 730
750 894
168 581
411 867
109 681
52 273
495 713
563 886
218 575
768 904
118 308
144 471
214 587
685 835
607 953
117 596
35 346
11 203
231 279
312 966
591 692
364 757
86 280
643 657
411 855
515 913
384 881
11 95
324 696
282 931
230 649
36 400
764 928
207 239
347 558
39 519
149 236
149 588
516 792
597 723
510 556
590 789
601 895
219 237
519 650
502 651
102 255
30 688
371 927
590 718
461 837
109 987
49 258
575 917
403 524
640 959
34 582
100 929
337 536
186 500
209 355
311 837
525 610
693 981
283 805
51 642
97 160
146 629
556 771
64 174
56 80
467 485
585 639
396 527
249 923
132 713
550 604
566 795
76 488
547 881
124 598
221 875
110 505
719 881
413 783
55 846
192 540
183 313
61 478
401 710
310 423
266 885
325 680
401 832
168 379
634 644
329 510
792 865
367 937
25 132
72 81
264 330
643 973
451 799
57 861
204 719
284 441
962 986
121 818
642 715
350 550
231 286
212 504
23 931
49 793
415 865
482 746
482 807
281 741
611 798
143 815
518 779
609 856
730 741
457 674
224 724
159 363
456 723
219 831
12 654
69 232
714 877
167 711
874 909
485 993
59 488
652 929
261 619
713 785
344 812
68 522
36 681
431 844
2 404
28 410
14 260
244 831
327 351
201 955
300 612
38 671
140 690
760 953
90 304
473 648
902 995
291 716
28 500
487 784
502 515
546 869
128 377
113 455
68 80
8 692
398 721
716 861
88 669
392 973
111 446
40 366
109 793
173 657
144 961
463 957
12 503
140 332
233 797
313 947
218 307
358 939
74 705
145 152
126 743
206 890
282 924
572 718
229 391
243 352
201 726
90 168
56 852
582 641
650 881
307 868
188 665
159 245
311 739
390 834
280 437
40 714
613 915
306 784
27 194
11 272
531 580
637 714
296 735
278 385
529 585
69 605
116 602
314 341
57 780
175 217
568 689
283 604
67 181
263 727
95 274
352 675
66 157
664 892
295 715
596 630
232 587
666 835
704 980
176 484
352 389
53 79
337 920
35 453
298 404
532 851
236 924
81 879
543 655
326 722
838 956
71 318
895 984
599 906
82 317
435 706
489 786
58 137
173 178
863 934
396 823
748 786
632 665
181 287
208 859
9 399
680 815
63 470
664 728
333 662
98 810
392 949
529 939
7 117
54 871
51 230
189 619
251 330
206 511
767 891
252 371
166 538
932 988
601 949
616 716
282 526
66 674
5 827
556 835
474 610
58 877
192 677
67 522
280 625
34 523
392 757
558 776
60 647
546 601
9 614
217 292
283 493
320 966
522 640
114 507
485 565
677 991
410 594
200 875
36 586
398 428
174 343
339 342
235 237
244 943
512 852
697 888
147 855
17 787
377 525
214 253
442 597
37 892
359 444
395 912
30 310
176 725
837 867
67 424
104 363
20 308
875 909
5 375
116 375
514 845
768 900
60 694
304 717
76 731
643 748
778 824
0 306
495 503
867 922
271 323
285 291
513 984
552 989
668 888
402 716
514 616
522 926
591 663
230 394
668 978
390 492
108 696
611 844
63 543
533 814
171 738
457 722
10 684
64 572
30 780
326 896
201 749
412 822
404 792
806 812
196 734
656 842
244 500
453 787
339 915
654 953
411 510
194 376
421 440
118 803
573 796
322 700
874 997
734 790
279 892
13 954
441 611
685 856
463 661
379 825
352 778
385 862
189 761
408 962
554 878
127 766
466 675
24 801
692 887
814 971
