80 150
621 701
127 957
129 655
403 970
398 494
151 903
150 465
159 175
28 468
377 568
376 502
317 914
453 906
298 715
730 804
217 858
344 703
358 815
219 473
680 968
935 969
400 998
630 869
27 550
598 755
53 915
311 669
319 720
26 877
243 402
105 735
550 940
413 816
121 848
442 733
557 784
184 913
555 895
405 582
3 446
337 851
270 358
162 343
541 678
80 220
136 955
76 537
705 857
331 842
554 927
338 773
39 484
40 522
280 286
84 974
283 664
287 906
22 802
249 700
343 469
132 831
22 776
633 908
102 727
281 316
29 442
619 866
494 833
119 906
232 774
409 556
843 896
667 919
916 997
340 971
456 737
172 513
432 478
205 499
167 534
839 915
609 810
442 781
39 656
782 914
272 470
168 544
211 665
439 663
128 411
217 355
867 879
83 697
663 934
254 549
93 101
465 711
256 598
153 912
67 638
262 695
239 889
430 907
222 450
570 930
277 985
148 204
157 583
172 901
155 517
618 722
539 601
329 857
137 835
121 775
816 902
144 389
55 820
51 858
394 973
140 379
250 288
583 759
223 836
284 740
6 991
359 944
40 545
34 153
275 875
130 810
91 551
274 499
371 677
117 709
650 849
252 496
431 490
364 713
267 648
454 611
165 654
551 555
205 709
81 585
336 747
211 427
299 837
22 278
514 987
140 516
189 988
120 679
420 484
39 392
132 198
138 650
363 558
41 569
619 627
2 955
565 726
377 734
13 754
268 400
352 892
136 541
256 880
572 652
93 317
577 692
515 694
68 231
109 252
152 871
88 154
167 826
719 913
544 825
926 944
445 630
188 581
421 524
96 189
73 282
117 413
212 929
280 812
416 512
664 741
288 830
466 818
349 889
379 893
657 714
159 838
288 378
92 812
281 799
260 873
674 916
342 480
154 955
467 760
501 923
131 211
683 949
29 32
190 409
256 926
116 418
415 706
494 859
646 870
131 492
408 519
157 213
112 888
0 720
579 643
710 854
854 889
11 235
553 922
200 996
415 809
576 668
473 514
435 696
160 927
31 827
336 688
245 576
317 448
379 929
783 960
89 166
452 672
401 946
5 398
166 498
518 813
638 742
177 385
334 545
104 513
792 929
526 849
297 721
2 843
676 803
117 785
809 969
722 921
108 926
120 958
92 285
186 477
862 924
258 363
759 820
40 772
621 964
566 685
271 761
299 687
564 824
417 885
338 986
446 960
432 617
61 756
585 718
248 994
447 963
559 604
728 783
748 951
518 702
785 973
279 473
196 272
41 649
433 987
380 393
349 785
542 826
410 896
127 658
242 927
622 846
757 838
575 789
505 629
291 307
939 954
116 578
117 487
272 620
105 352
666 890
701 844
111 784
740 912
122 334
96 191
29 180
107 853
711 818
478 736
2 42
470 769
256 621
241 587
44 528
546 593
287 294
71 390
482 757
335 879
168 526
327 349
181 555
374 808
892 897
204 246
939 973
560 716
581 655
461 801
700 746
8 987
392 750
150 410
585 746
381 753
61 272
180 454
242 263
486 906
110 160
99 732
435 800
12 16
165 455
155 477
837 912
304 494
588 905
525 806
3 540
278 627
601 733
195 807
65 348
508 681
175 765
959 962
323 917
372 978
456 489
401 880
645 726
57 233
216 631
758 986
108 389
614 709
122 773
822 904
839 937
366 682
54 993
329 971
307 317
343 806
115 575
559 761
302 968
285 346
184 457
272 292
238 846
320 353
11 609
142 202
824 898
569 952
169 250
486 923
619 909
377 644
194 203
490 848
524 836
486 708
293 758
353 491
58 348
711 811
20 305
914 918
129 835
299 871
85 146
137 994
117 782
312 371
213 337
512 861
50 998
695 922
108 275
187 456
350 685
520 705
434 656
137 624
621 847
436 706
926 993
52 111
708 776
45 775
639 989
391 907
829 990
98 439
456 626
493 907
328 427
199 984
175 213
122 834
22 910
367 892
836 944
544 830
72 957
62 942
849 949
805 939
30 244
37 838
222 296
331 551
75 530
288 535
57 657
79 122
14 568
404 799
311 981
301 383
291 595
240 797
444 603
179 826
568 847
422 664
217 347
292 973
230 508
287 581
55 518
86 719
422 518
733 842
495 851
142 468
90 266
382 886
221 913
64 420
80 834
51 842
428 815
343 658
276 676
194 945
332 664
632 754
534 826
386 839
307 322
764 880
573 615
3 146
67 880
567 714
148 409
117 928
577 813
253 586
89 883
447 773
431 900
527 786
257 366
524 931
405 674
599 696
20 699
746 900
118 665
618 967
426 436
3 546
249 484
339 608
368 407
112 620
838 992
96 406
710 931
27 736
75 688
688 708
126 786
245 960
279 451
863 877
716 762
233 965
246 841
656 966
121 249
87 938
113 345
175 535
628 915
316 912
600 990
376 469
336 386
66 189
281 968
66 684
43 651
290 649
493 658
94 608
547 779
181 244
69 244
419 872
331 984
326 540
283 916
669 795
604 861
210 572
143 277
538 608
258 928
180 773
789 916
47 867
401 688
291 932
470 710
156 806
394 696
29 132
280 964
699 920
493 909
493 988
101 538
527 819
707 711
944 979
812 848
378 536
565 669
387 468
732 976
193 478
24 677
507 988
309 558
261 803
754 820
358 791
207 318
271 529
378 474
226 602
638 981
555 763
2 583
734 942
487 912
564 936
72 516
277 826
538 630
450 981
644 772
161 203
42 443
474 821
77 868
47 858
162 410
412 413
98 707
10 147
546 711
415 946
135 223
118 593
113 574
568 757
81 698
493 961
476 787
344 666
66 216
203 626
228 968
39 326
538 676
336 574
601 635
89 989
582 858
207 324
508 775
81 559
42 209
52 685
182 719
29 398
584 785
25 365
416 553
581 692
306 380
155 259
15 497
226 348
431 555
683 983
851 892
378 903
560 929
310 622
310 759
687 895
125 800
103 169
733 761
240 901
21 269
369 737
495 521
277 397
813 960
664 732
110 852
133 567
22 542
333 443
301 690
20 778
476 490
223 947
201 237
464 610
470 553
317 332
74 609
66 887
569 798
551 773
261 471
283 906
13 701
666 968
341 392
797 882
96 817
406 458
274 297
369 767
179 701
84 606
150 310
231 845
301 749
4 562
220 262
197 585
166 963
355 603
400 859
590 676
400 497
146 434
26 803
205 914
350 504
166 811
657 853
154 397
406 753
68 978
15 617
331 563
518 783
642 686
628 919
670 768
28 105
54 266
260 532
117 612
423 883
88 283
33 432
190 594
662 786
154 168
83 279
415 485
171 954
409 873
432 800
180 993
259 889
149 587
199 792
27 266
622 902
407 467
61 935
721 949
75 470
706 875
360 553
121 859
883 884
36 732
77 667
216 556
689 803
57 833
2 324
212 977
578 679
513 736
685 740
234 815
155 462
61 521
174 995
58 920
5 230
94 897
82 663
123 453
818 862
173 956
168 538
116 502
238 847
587 629
216 923
431 754
276 678
492 852
412 623
263 853
417 709
750 852
372 555
327 543
284 417
716 956
570 804
4 72
54 808
83 943
270 698
300 514
326 358
504 949
767 771
154 540
477 904
201 744
72 811
228 744
708 812
512 536
382 609
542 868
15 812
285 978
492 862
188 585
89 851
489 974
209 643
686 866
547 611
239 358
35 336
743 938
148 475
607 883
436 476
451 777
640 755
88 502
248 673
451 690
114 531
675 777
174 643
73 713
606 953
431 641
289 721
736 789
548 696
24 984
172 802
164 787
875 909
157 666
708 900
367 960
239 737
42 413
108 733
339 486
61 269
333 702
69 342
843 891
220 765
227 289
15 22
453 931
471 890
143 441
531 753
510 770
843 904
535 576
12 373
73 267
600 994
127 337
323 670
580 787
543 807
77 917
174 882
65 200
354 993
560 885
70 99
8 942
895 974
870 987
137 269
412 615
90 892
112 952
215 884
110 899
328 692
218 379
211 579
635 917
195 573
24 154
162 265
592 966
58 836
679 931
325 695
294 767
587 599
154 879
131 483
264 527
459 643
670 746
381 575
500 939
94 577
194 524
256 490
666 786
678 717
345 355
413 992
123 352
2 591
74 507
123 485
602 945
119 700
46 967
81 907
546 658
1 422
609 853
264 991
276 942
61 973
649 826
772 965
178 556
37 127
612 983
513 937
632 909
637 877
678 718
576 784
137 729
934 998
262 746
374 925
338 556
205 700
17 164
330 343
809 926
380 909
245 773
35 846
835 877
907 912
48 553
634 835
283 568
447 846
10 355
62 184
349 913
79 595
44 357
756 776
529 618
22 464
251 564
651 828
159 205
346 876
413 839
532 760
49 331
411 606
687 790
825 952
256 491
535 547
303 614
232 312
184 334
49 101
585 700
96 281
158 257
449 795
327 923
209 324
10 167
49 87
309 912
1 801
169 900
688 783
0 203
367 740
416 686
193 624
117 474
72 726
867 984
175 908
194 384
205 584
672 903
213 254
608 936
105 366
54 508
64 240
407 608
93 804
24 997
69 493
142 823
220 808
9 395
556 716
132 652
113 387
367 676
600 613
327 966
70 836
311 373
780 900
56 271
225 647
295 405
228 493
713 789
36 798
104 460
706 944
109 819
332 785
284 539
750 866
251 821
54 976
306 484
755 756
714 981
119 402
628 895
417 700
88 960
568 773
274 545
69 654
94 401
791 985
38 542
641 851
258 715
199 617
373 564
279 954
706 708
335 750
450 956
104 916
672 891
41 436
111 299
442 745
585 864
730 902
127 933
194 543
160 191
393 756
347 533
387 592
137 408
364 927
383 940
280 831
56 674
619 707
413 785
452 649
182 998
478 552
95 467
659 672
66 608
141 767
154 765
85 173
291 364
537 583
170 748
156 414
385 844
629 863
150 315
149 630
182 849
316 979
3 630
238 975
94 421
539 731
248 817
712 892
181 602
281 475
124 242
320 437
300 979
130 949
615 931
631 816
114 610
96 133
460 965
334 739
417 555
155 278
342 586
47 768
875 944
49 420
117 839
448 740
41 139
107 578
209 973
439 923
171 408
137 535
221 869
228 424
506 990
577 579
848 979
145 697
98 854
323 565
306 937
77 771
347 350
536 672
811 911
83 111
220 998
89 572
571 800
562 865
306 444
491 506
188 775
629 651
569 638
576 952
76 227
5 926
541 778
599 689
62 352
772 924
413 696
13 984
496 878
154 898
389 675
13 450
16 929
432 568
585 736
496 812
501 812
91 590
394 690
98 280
104 404
23 517
388 453
854 949
267 752
294 456
494 821
744 775
176 837
695 775
191 913
77 587
30 692
438 668
300 720
537 825
56 912
509 694
300 548
811 919
619 653
147 213
310 440
274 277
486 970
52 751
161 992
206 829
22 849
95 644
501 533
272 557
797 966
67 98
230 867
17 520
583 849
19 289
293 893
731 918
323 615
777 835
315 664
689 983
865 979
136 366
408 865
275 662
342 727
112 594
130 924
114 773
65 485
310 414
130 333
41 746
656 876
323 523
858 892
12 757
149 189
54 475
751 909
69 636
181 445
370 582
663 696
143 728
533 558
38 664
243 432
410 899
285 308
222 553
495 586
662 684
87 138
91 349
160 889
334 985
341 568
5 704
200 616
85 150
110 476
166 353
576 908
568 604
178 861
121 356
116 136
392 556
274 483
163 905
242 995
337 849
810 906
694 779
131 458
281 568
447 607
273 515
229 375
436 588
759 909
296 875
40 45
319 431
524 688
834 871
684 931
93 208
254 942
400 872
386 505
320 993
304 593
679 861
174 297
619 933
558 915
604 808
592 956
275 832
110 280
211 703
146 264
88 305
529 870
256 488
35 160
339 602
463 753
279 371
112 342
212 670
258 372
566 626
902 964
597 750
12 805
160 510
421 817
292 598
347 438
548 734
502 598
425 703
148 965
429 982
491 546
101 452
78 918
19 235
332 769
184 696
344 926
206 348
156 162
640 861
540 594
544 947
43 372
247 360
581 873
142 364
479 594
398 817
24 836
357 985
169 957
53 883
612 865
231 379
223 768
240 715
187 764
159 259
859 912
137 519
661 792
272 853
607 670
632 670
7 506
463 989
176 394
393 698
6 282
773 775
13 505
490 621
101 553
780 817
652 960
306 753
159 665
25 273
47 829
335 905
54 246
150 582
200 640
975 999
482 748
126 340
114 968
19 313
69 94
30 188
98 494
135 763
512 653
388 482
559 645
169 965
671 891
884 899
223 874
235 706
361 975
398 441
329 711
398 460
0 157
255 780
267 494
371 499
111 779
690 981
502 757
0 655
525 554
748 884
119 781
108 806
204 832
161 549
361 916
425 912
361 692
207 681
404 960
91 706
39 515
272 782
541 789
273 418
509 696
166 477
973 981
813 937
486 529
327 797
199 239
223 560
256 931
119 243
660 825
335 527
216 469
109 152
258 777
306 527
45 286
619 783
18 72
785 900
112 558
697 757
272 351
634 669
140 528
540 878
317 565
68 533
220 386
642 644
349 521
635 951
86 567
607 937
159 392
69 837
856 887
179 207
159 200
193 688
341 423
228 658
648 988
544 726
186 220
569 723
674 708
557 627
112 164
564 623
402 908
693 764
224 289
323 448
424 516
117 488
69 940
280 776
320 717
7 290
730 858
859 918
416 756
220 545
110 932
192 844
864 889
505 956
279 465
305 889
148 794
7 440
135 215
72 932
431 807
17 574
161 434
269 288
202 833
487 842
38 295
511 679
279 636
16 744
267 674
767 985
468 992
207 683
280 479
638 967
542 711
225 656
296 328
530 846
481 688
369 777
49 78
357 640
9 37
101 656
87 683
424 503
431 983
186 263
505 615
679 901
399 909
256 727
205 454
610 687
143 979
573 816
28 808
417 931
32 817
74 500
471 850
3 903
541 833
166 801
47 419
480 798
329 736
526 886
190 488
685 925
467 741
259 848
542 550
265 719
574 691
220 398
541 575
301 727
117 819
516 528
8 238
314 919
96 192
638 806
83 680
500 676
287 825
700 727
829 965
446 755
9 18
153 550
594 806
63 277
157 625
216 931
517 597
487 965
293 790
822 956
377 632
554 674
271 374
452 633
431 692
559 701
65 802
396 603
233 871
811 849
390 742
417 908
691 904
225 481
181 550
279 656
165 682
436 833
57 818
101 240
249 800
51 802
217 757
88 799
962 990
289 381
704 706
641 748
866 963
513 581
48 237
565 792
272 977
2 329
594 795
396 430
584 746
448 963
341 599
332 404
45 562
65 618
58 752
366 715
276 948
580 676
372 537
242 809
349 596
144 490
190 272
540 937
340 856
252 550
292 656
206 234
651 702
806 824
543 709
873 985
453 843
380 662
825 904
526 542
32 852
42 670
562 657
331 513
255 936
415 899
592 649
105 646
281 300
361 804
677 824
667 699
361 482
400 659
294 617
185 469
207 678
335 863
122 547
201 377
483 616
427 628
618 733
74 270
14 878
632 839
331 908
390 858
44 610
13 50
256 587
834 935
697 795
270 917
471 596
79 646
274 440
410 507
7 933
373 680
163 664
423 564
347 775
391 814
216 385
756 994
590 803
929 950
551 640
236 867
23 865
668 815
139 527
225 498
257 812
872 975
788 922
399 621
563 565
301 365
121 781
295 936
64 224
704 887
106 775
150 292
960 972
317 463
542 839
651 962
152 186
426 627
378 974
47 890
412 943
76 191
486 886
364 950
62 603
654 837
298 710
340 682
611 657
145 450
459 552
102 704
81 997
482 972
459 529
214 754
294 405
180 182
546 891
482 953
150 488
142 212
482 786
397 894
391 492
44 848
203 302
100 200
383 582
463 738
300 757
482 495
289 386
380 771
530 691
186 259
46 742
20 988
512 795
643 732
908 935
360 945
487 680
12 294
226 758
102 526
598 867
8 509
336 741
280 380
271 892
366 918
290 938
85 706
438 803
63 729
26 725
213 776
59 70
285 577
31 180
400 812
172 629
318 909
265 541
50 537
433 968
255 723
906 961
61 809
752 890
125 477
253 916
42 327
323 619
613 856
651 777
256 632
301 517
302 567
58 352
456 844
63 320
567 579
24 728
128 640
117 618
606 887
0 370
46 214
179 620
623 902
510 956
607 610
262 379
177 437
614 985
281 287
48 201
424 866
858 929
548 553
511 976
435 698
1 511
483 744
181 998
458 489
418 860
99 591
628 680
29 646
613 662
13 933
151 215
145 438
10 343
45 338
206 832
36 69
133 833
366 553
363 483
696 856
307 781
287 461
288 668
108 253
393 683
267 898
57 545
395 555
440 752
893 958
281 624
27 810
766 932
250 528
296 736
298 429
44 585
332 891
254 351
585 937
96 204
187 641
261 583
13 548
375 793
323 352
427 703
193 514
42 635
283 795
93 779
713 823
679 956
285 507
444 659
574 755
649 761
262 749
297 696
424 628
443 951
128 870
642 654
63 642
211 684
277 463
304 990
638 983
145 298
620 957
194 590
65 239
166 956
4 501
129 815
258 428
433 556
128 439
198 544
81 235
711 755
411 698
337 701
352 395
367 482
424 661
562 726
15 870
517 892
60 874
655 998
318 431
563 799
114 223
343 656
349 450
47 367
421 861
608 736
571 773
434 976
890 995
11 513
757 760
634 880
817 878
136 289
205 662
885 935
319 630
541 668
432 909
67 645
330 804
455 606
727 934
722 889
402 824
584 733
512 965
329 570
212 844
817 858
417 752
736 743
636 734
518 756
175 897
164 227
122 331
58 682
56 924
133 880
678 866
190 816
184 386
28 520
337 598
15 886
442 981
103 528
211 617
399 515
387 915
70 94
37 129
93 129
262 405
83 325
141 480
274 664
146 879
44 478
282 835
629 845
301 615
510 585
864 909
452 603
546 824
674 861
27 155
306 432
631 769
516 601
124 142
3 266
640 662
475 833
31 297
105 912
332 615
196 497
524 949
700 800
826 848
561 875
867 981
660 750
528 850
351 974
670 969
310 977
163 984
137 281
194 242
526 545
43 209
74 85
226 344
192 785
404 698
385 420
80 917
487 767
191 608
630 741
71 512
292 496
234 429
129 780
24 675
233 658
718 732
414 671
311 808
607 715
379 507
424 453
292 811
192 771
285 483
348 401
45 708
844 942
326 474
498 722
1 732
71 84
465 755
128 485
444 563
195 422
0 823
847 986
293 391
128 757
510 676
385 476
555 673
30 679
754 999
352 880
486 964
303 775
71 260
783 987
57 979
232 409
331 608
219 624
976 999
28 753
581 839
394 765
254 796
424 605
657 902
309 389
84 621
44 45
697 828
32 754
159 793
338 490
402 557
467 753
572 886
77 781
505 898
112 471
47 248
717 949
379 905
690 878
463 735
512 923
915 955
426 618
749 957
268 503
87 866
104 256
390 659
165 181
288 653
277 335
346 901
158 637
327 725
36 541
62 960
53 329
267 672
107 368
376 981
847 871
128 463
475 952
485 870
510 992
138 621
391 846
835 967
45 901
162 938
577 938
250 343
517 906
15 366
238 996
109 742
196 557
500 589
384 459
376 985
476 970
168 997
219 317
3 121
165 714
411 652
94 661
353 995
363 530
719 768
711 813
259 878
370 819
755 759
97 279
483 601
833 925
144 769
124 150
216 617
28 641
736 868
215 689
89 220
808 930
642 988
218 973
343 901
13 38
450 669
110 286
387 622
119 391
269 531
149 867
508 837
529 705
219 596
272 685
203 791
131 845
197 818
98 702
514 740
316 463
761 925
383 602
312 721
126 844
342 993
179 345
853 874
236 450
445 861
487 588
64 685
261 720
422 855
369 711
514 527
38 627
452 640
10 765
488 714
408 961
658 833
686 940
176 884
488 682
37 328
270 453
13 990
66 868
764 778
278 590
305 980
109 905
267 972
226 686
187 755
447 940
197 387
434 627
467 915
116 305
386 795
177 729
381 493
307 971
124 964
29 303
73 275
300 649
314 756
761 839
389 697
148 676
415 823
143 939
72 291
183 677
406 451
360 832
252 667
155 376
458 631
56 757
406 734
48 708
163 548
161 212
661 937
31 76
51 149
322 728
332 774
44 487
739 958
63 114
115 694
872 924
102 658
631 811
58 146
219 359
358 648
246 880
309 760
163 277
810 952
243 494
726 730
36 538
469 601
150 584
75 647
101 809
85 440
496 912
586 623
715 944
623 948
190 735
609 819
419 898
494 771
265 849
155 224
694 886
108 388
107 630
439 463
208 901
121 231
169 397
464 744
113 368
655 764
373 455
354 827
144 598
761 848
424 800
686 916
24 118
101 426
131 890
340 892
124 143
461 540
557 645
111 356
121 277
733 766
593 846
343 439
544 639
104 344
21 63
382 534
45 808
529 635
50 879
193 869
355 682
1 85
591 794
112 869
230 915
113 954
176 393
456 720
32 913
416 447
798 934
331 981
958 968
9 860
81 200
554 555
115 640
707 908
20 434
701 928
603 882
166 779
623 627
499 659
536 915
458 822
65 792
23 153
366 760
32 312
799 939
868 915
128 579
365 622
149 550
418 752
584 784
411 883
382 559
422 447
649 880
66 269
672 775
89 785
474 493
97 292
317 413
207 344
181 446
61 947
83 479
51 867
415 934
630 975
52 668
422 669
44 933
735 957
819 824
94 312
544 650
415 956
164 861
111 659
172 697
133 606
3 9
352 419
295 983
746 963
35 168
320 632
367 564
383 630
544 724
47 546
4 268
482 962
73 520
141 217
100 598
350 601
461 703
372 757
470 686
72 73
639 705
394 555
24 424
320 939
100 986
369 867
181 990
203 510
606 696
80 204
148 782
158 610
837 882
719 875
353 791
344 949
695 848
273 899
71 838
171 945
177 812
519 892
95 345
382 952
144 462
292 508
18 244
82 254
325 901
254 957
117 258
598 965
849 953
24 590
536 688
196 217
440 700
46 736
118 888
32 350
210 932
177 676
229 931
482 611
256 920
725 736
531 686
484 691
281 887
861 927
169 409
144 870
233 849
737 916
351 618
121 284
798 828
409 813
81 776
337 891
48 979
415 579
17 106
416 905
277 739
261 832
329 686
131 887
399 562
265 977
17 98
197 901
66 896
959 977
842 850
243 667
82 182
551 822
238 540
456 631
515 641
553 892
322 375
793 884
770 774
143 501
403 868
693 765
469 652
94 664
761 854
36 907
81 843
588 735
320 396
187 367
389 611
93 711
886 987
113 947
449 656
257 524
204 950
25 641
736 954
689 808
849 948
45 845
30 785
702 780
181 499
889 923
111 334
450 634
220 582
563 876
31 172
235 753
122 746
76 260
302 834
237 684
434 602
632 729
219 861
686 752
361 576
675 824
310 910
189 244
627 711
362 464
214 484
211 474
397 913
128 502
81 731
162 936
155 715
24 402
259 385
330 935
561 592
597 835
75 193
376 787
738 820
34 603
166 575
840 860
564 989
342 645
72 278
787 808
184 433
44 541
871 921
482 979
816 928
243 669
45 121
293 382
784 986
327 359
152 188
68 199
529 893
66 601
171 226
740 956
282 410
0 331
332 505
673 813
260 482
734 917
299 879
27 663
637 707
142 374
895 925
210 776
276 818
341 377
469 502
264 297
103 298
595 961
630 760
242 634
594 903
328 474
203 356
192 489
63 216
310 334
141 545
86 312
173 815
28 653
284 951
292 388
240 601
583 701
0 335
177 595
506 591
146 421
214 910
277 338
126 673
620 939
25 570
95 932
840 937
475 476
120 240
216 841
360 917
712 776
605 954
548 659
80 460
674 694
32 343
303 469
57 242
441 979
373 619
75 811
663 902
639 903
22 856
97 382
125 873
82 95
179 754
630 639
187 676
530 665
61 968
118 351
562 793
450 533
518 877
181 344
779 984
85 802
192 534
184 669
407 631
587 752
734 738
578 925
244 411
472 807
158 564
479 942
392 951
12 470
269 709
3 401
45 88
203 589
387 974
258 382
362 371
109 321
97 251
386 860
193 847
684 764
351 626
243 655
371 607
125 992
128 668
65 393
569 596
543 654
336 913
59 277
275 950
168 372
202 906
49 584
99 268
165 802
247 408
457 970
368 934
314 388
60 415
336 454
108 656
344 879
373 509
649 755
811 923
13 373
181 958
415 632
578 580
435 825
244 341
61 147
179 462
449 946
255 522
282 530
364 513
89 227
374 982
186 738
258 464
439 551
422 966
72 352
859 899
178 592
103 325
634 653
139 454
661 932
214 710
192 426
728 771
454 515
606 753
11 640
70 192
451 492
510 875
409 844
86 374
1 541
52 654
176 191
460 461
171 205
675 749
597 755
464 520
209 273
70 850
140 637
394 440
904 984
181 315
314 401
555 667
942 959
322 470
135 503
60 283
306 958
255 809
65 329
71 626
142 954
591 828
222 282
31 619
127 698
793 800
451 707
460 746
134 667
522 568
269 851
575 582
161 391
182 226
72 254
205 378
33 396
30 322
256 705
1 383
756 801
207 528
509 988
305 528
123 874
50 392
77 984
239 320
375 854
799 817
22 108
529 856
56 851
239 664
240 909
399 665
394 927
872 903
530 915
390 783
756 833
135 833
807 817
424 544
594 661
122 695
224 968
376 978
428 569
40 337
439 810
2 204
226 718
459 634
108 242
376 864
427 511
596 698
318 474
332 492
68 539
37 454
763 784
543 765
354 806
232 516
586 597
72 316
165 531
273 302
125 678
138 904
188 542
212 852
344 662
544 731
883 998
120 998
237 783
137 894
43 126
5 993
77 713
230 661
315 960
437 503
345 641
341 887
193 829
100 492
889 996
124 575
47 995
122 130
16 284
619 680
495 624
25 560
53 686
13 790
293 353
698 802
287 495
116 938
390 688
929 960
386 887
53 733
527 934
571 863
482 896
251 391
276 458
511 951
314 741
667 876
386 678
673 717
173 655
142 213
45 102
494 784
547 990
276 517
427 733
323 847
450 567
26 714
17 78
392 889
110 118
411 496
129 796
170 322
312 784
182 535
382 766
108 966
483 929
385 708
216 584
31 136
35 97
113 162
114 403
224 858
269 521
73 670
398 595
535 992
879 907
25 717
261 683
134 543
518 871
251 735
283 455
223 842
380 385
308 847
140 518
71 662
144 787
332 538
91 676
73 350
555 790
376 817
825 862
343 360
733 963
430 540
246 653
735 979
390 395
531 826
897 913
52 545
229 394
837 942
15 905
188 460
157 564
629 982
341 426
511 678
108 305
403 903
114 138
504 882
533 708
387 798
932 958
704 851
145 161
418 541
161 729
670 879
508 645
5 423
202 683
507 934
143 338
410 609
645 828
114 714
353 853
512 663
138 715
299 719
261 861
374 718
342 949
340 396
401 809
11 763
50 436
870 932
281 740
541 568
7 278
631 634
499 861
647 999
366 566
650 779
720 979
153 674
669 902
14 831
303 777
92 842
179 713
24 919
346 565
624 840
474 573
607 786
325 606
785 892
435 973
671 952
156 177
177 626
79 992
8 382
122 203
301 826
268 850
573 614
413 768
341 590
239 549
479 565
156 264
457 481
51 128
433 559
412 657
89 736
97 756
471 878
297 652
180 920
105 148
886 916
518 828
109 609
88 378
674 886
483 704
367 755
152 612
621 667
756 916
358 673
205 829
551 858
83 126
130 274
188 369
58 542
197 503
168 927
591 842
647 813
326 532
290 755
422 685
601 911
530 621
626 735
450 530
577 945
428 613
154 203
98 797
212 994
601 732
545 922
87 927
192 253
620 947
657 895
158 721
251 258
237 780
339 582
636 767
380 511
64 67
861 886
165 451
208 766
183 482
110 311
569 856
541 715
803 962
198 525
457 473
128 253
467 694
187 813
104 699
168 193
432 766
382 931
590 883
49 418
72 713
641 881
569 948
183 372
733 911
249 384
190 378
236 989
528 845
49 301
227 595
470 993
204 379
276 614
678 794
32 218
391 913
211 960
746 862
125 684
480 934
670 861
664 850
259 861
378 660
163 958
607 985
303 986
189 932
600 983
610 985
1 201
764 898
112 313
349 511
589 991
450 635
13 299
624 652
161 383
285 324
693 892
309 996
231 498
831 928
833 890
386 816
67 891
150 556
531 661
121 906
4 541
18 923
193 576
354 642
279 311
4 30
172 691
0 403
189 281
374 586
171 403
112 415
262 822
353 971
229 276
632 826
123 750
316 650
645 678
22 989
52 924
96 345
284 851
438 978
10 150
122 193
367 565
736 888
364 720
470 547
593 997
649 999
261 327
283 644
668 921
13 687
369 782
221 710
418 689
11 780
191 556
756 902
923 990
995 996
466 707
56 894
411 543
55 672
52 222
307 890
973 994
255 694
128 966
546 915
198 326
186 580
109 306
302 923
457 630
121 351
532 686
93 247
469 557
497 864
712 822
319 859
517 987
285 784
292 886
415 564
490 601
145 796
420 711
451 520
50 924
88 871
118 456
13 533
652 878
89 557
74 971
428 609
211 314
253 626
231 744
227 376
290 892
148 695
198 810
34 619
428 638
152 523
92 793
671 906
96 816
112 420
242 893
29 453
207 282
79 790
378 659
166 623
301 666
318 464
864 938
498 854
366 650
159 730
95 988
183 543
647 804
47 963
540 992
100 500
627 932
5 890
409 943
244 628
75 947
292 708
237 558
498 955
228 561
466 656
1 217
21 199
515 649
420 541
273 507
486 641
205 532
492 500
293 472
368 744
771 805
8 660
511 715
276 315
739 782
284 956
783 836
330 784
351 750
210 326
23 319
580 697
203 541
80 496
13 177
785 865
334 877
49 145
388 461
480 678
595 962
436 730
118 150
501 515
193 221
64 244
512 761
177 716
257 302
564 667
781 786
120 452
659 950
399 522
200 763
358 879
514 668
88 665
138 955
359 518
500 582
365 604
133 695
349 433
742 997
17 529
779 821
1 438
771 875
189 534
421 427
244 942
333 441
579 959
477 640
493 939
60 895
107 858
28 291
457 770
288 474
67 651
5 295
419 857
399 880
308 953
198 820
250 613
561 883
192 875
38 131
368 450
226 378
406 558
15 869
158 529
180 841
136 577
185 435
418 907
186 213
6 726
328 763
619 646
163 889
279 873
295 594
673 730
172 640
42 432
7 961
200 848
129 493
31 336
244 564
449 750
457 527
108 220
79 855
96 218
243 443
375 890
37 457
210 915
347 449
252 456
660 804
304 506
641 933
850 889
237 338
694 952
61 217
266 424
492 836
520 735
247 279
317 977
705 893
506 527
131 240
253 963
267 935
220 759
260 648
70 497
23 338
543 555
436 809
280 979
645 851
16 925
98 345
155 594
121 238
479 662
604 977
732 891
244 843
111 857
491 534
354 829
898 909
345 736
59 715
625 705
918 993
368 982
339 576
524 577
49 538
408 653
492 515
111 544
7 335
178 968
541 675
7 450
95 925
147 984
125 162
41 80
23 118
449 809
325 951
0 739
147 215
5 82
901 992
193 679
514 909
802 858
217 541
466 605
313 752
475 802
196 877
348 908
219 357
157 523
682 896
249 523
396 529
331 388
524 782
43 419
277 390
283 846
451 847
101 512
555 904
100 895
671 781
604 938
194 638
70 187
583 887
218 951
323 733
95 742
777 837
372 975
121 571
222 426
83 981
422 478
766 930
547 670
274 954
148 838
265 377
152 570
521 960
635 723
170 607
729 736
7 101
480 711
24 489
107 703
533 822
530 941
