328 512
182 484
377 643
26 338
205 980
276 980
533 842
544 681
271 273
153 864
72 262
57 791
435 798
11 71
115 306
627 851
687 986
161 363
330 500
741 887
17 832
366 867
763 859
399 484
34 263
649 989
398 687
486 792
215 833
300 497
700 873
859 928
89 387
574 718
315 941
126 605
332 825
492 543
891 940
379 975
506 720
193 976
118 768
679 952
335 529
208 252
229 532
419 617
974 993
267 687
644 660
344 393
469 885
239 410
128 618
634 737
338 713
180 808
211 833
168 760
365 740
322 728
147 249
223 291
492 978
152 843
236 622
444 848
87 474
602 854
57 943
395 589
656 769
489 555
332 668
9 425
33 737
634 747
38 236
210 728
53 368
232 990
80 289
434 763
519 640
576 718
307 583
323 591
428 878
80 112
441 546
537 931
178 284
414 566
674 776
42 494
726 829
33 470
158 819
234 677
304 812
605 747
928 963
339 391
771 807
503 705
213 393
637 743
203 677
158 352
652 979
160 394
731 779
241 630
216 951
115 271
520 876
483 862
201 805
226 964
82 325
538 669
306 475
504 633
791 861
192 856
603 796
704 879
335 734
472 685
743 903
424 800
15 620
259 777
568 838
93 893
762 920
747 783
417 421
251 282
460 560
708 827
63 531
797 939
218 412
122 835
155 987
127 898
354 509
904 923
347 349
168 619
112 304
366 885
73 970
519 633
346 430
493 694
878 985
448 642
397 829
570 905
169 820
32 523
289 330
446 677
638 967
102 297
15 271
344 987
859 985
329 415
205 375
260 435
255 361
758 884
436 806
15 605
400 627
481 957
279 689
679 986
246 283
134 517
473 651
213 636
332 543
404 538
16 270
325 631
561 623
60 742
368 757
17 995
498 509
304 550
290 778
230 376
716 926
246 577
189 459
522 565
321 354
60 977
338 737
608 961
299 702
19 373
391 460
321 366
241 670
371 872
102 312
238 748
170 346
167 359
85 157
512 881
293 406
96 841
31 449
410 682
152 783
701 964
67 526
120 285
89 157
401 491
591 611
781 992
159 937
95 493
244 374
651 959
668 800
51 99
509 601
105 733
645 786
69 171
205 707
291 294
135 216
180 695
687 726
664 961
199 806
111 443
181 422
201 446
222 898
175 252
337 407
52 281
123 350
576 680
409 867
626 974
2 21
81 806
61 119
97 260
208 926
55 459
630 854
204 660
264 752
159 379
601 660
76 564
140 363
756 772
82 359
362 750
103 908
164 795
28 892
306 776
452 832
434 765
425 686
790 990
369 689
301 642
382 865
97 718
357 826
221 717
324 908
11 431
226 232
260 528
304 470
566 922
136 331
174 708
108 698
149 316
419 618
791 801
509 835
193 250
687 824
595 910
148 693
380 959
271 487
641 741
559 791
15 280
243 723
351 806
123 421
501 840
93 644
928 994
154 244
473 841
68 735
216 789
428 748
597 699
235 590
378 440
149 455
10 744
178 817
448 599
301 940
33 792
786 945
313 451
382 787
293 451
434 522
19 951
182 968
2 769
443 558
60 147
158 250
781 804
327 604
619 732
524 905
652 851
310 317
302 693
104 947
496 979
381 515
282 915
284 836
394 684
79 184
330 806
611 694
21 111
195 215
473 640
644 720
324 382
961 978
418 427
275 278
397 659
143 679
575 979
315 611
373 395
180 795
489 725
143 188
710 862
383 502
183 455
146 859
190 460
190 617
230 468
627 893
127 388
54 658
367 973
18 92
165 368
445 624
7 767
869 985
369 830
365 724
176 222
225 366
682 767
336 912
235 581
714 891
549 969
121 336
139 875
428 595
53 304
41 311
26 172
2 533
257 747
720 924
297 479
514 642
64 978
299 426
559 670
13 528
134 571
216 446
625 997
42 930
50 435
574 593
461 478
561 929
649 735
567 837
479 946
10 81
458 507
309 369
529 674
101 250
161 466
547 786
815 941
68 865
14 728
190 792
492 721
103 580
370 940
147 316
228 419
229 678
87 987
617 951
13 553
174 718
371 617
187 313
381 911
404 639
196 395
181 240
284 917
639 820
224 967
955 996
547 985
577 634
880 972
251 338
321 433
512 805
825 939
850 992
559 748
306 841
23 945
214 546
307 718
854 884
161 685
232 584
147 809
219 471
42 822
809 827
144 674
435 632
851 976
410 637
478 725
22 717
501 615
161 236
334 442
45 371
277 604
103 956
175 438
574 832
349 736
660 845
292 410
613 632
269 621
24 698
93 100
720 953
308 708
42 466
511 751
355 766
140 722
458 931
249 384
598 763
120 423
444 882
68 76
41 496
698 872
150 739
811 965
25 455
119 922
222 420
186 785
926 929
739 908
157 857
124 620
107 596
396 903
464 479
332 975
382 505
244 847
164 532
339 407
189 878
261 609
47 101
30 795
55 973
182 770
564 894
154 672
490 550
321 575
14 907
296 871
289 495
173 467
659 874
201 513
126 753
810 854
173 958
236 498
6 365
32 930
187 252
95 954
737 881
104 416
65 141
782 975
560 795
572 956
669 821
773 774
935 947
473 980
217 245
323 611
356 575
828 893
199 543
632 923
80 691
88 221
416 756
4 317
211 312
232 241
14 485
7 784
301 339
257 547
556 933
484 510
289 755
184 312
587 954
34 816
257 278
35 608
673 964
704 884
628 945
113 468
311 475
612 897
507 815
511 723
373 440
81 207
128 871
82 265
433 810
441 469
429 690
715 828
532 745
373 951
420 829
140 838
87 895
62 104
594 616
138 386
697 989
118 467
84 569
552 731
373 518
172 560
0 154
628 899
579 884
272 713
110 999
247 853
198 958
144 309
799 926
531 915
350 497
385 418
787 938
149 657
322 663
217 818
674 845
559 717
342 777
272 776
452 478
2 23
436 685
147 714
30 484
629 981
15 732
399 519
305 901
320 528
98 223
138 897
208 295
72 456
81 550
354 849
559 872
709 995
208 557
394 709
590 690
375 674
57 127
362 546
28 74
35 603
172 173
468 852
309 733
540 635
389 390
301 342
51 614
296 523
357 611
201 917
399 645
457 875
124 421
152 171
206 496
20 107
732 959
465 488
29 620
362 453
418 795
384 663
198 311
809 908
20 177
362 420
589 822
229 946
11 400
450 859
557 959
691 879
368 869
489 508
749 961
519 852
515 756
904 954
164 827
115 847
341 477
516 619
67 848
430 814
601 617
560 641
526 872
395 603
111 592
341 885
73 89
181 861
117 956
488 783
633 955
326 983
433 954
842 852
9 155
282 756
275 978
504 668
147 271
252 740
137 382
433 807
294 578
341 534
181 763
396 670
5 136
569 723
917 959
114 773
278 407
222 256
682 890
761 830
13 161
896 922
355 502
432 703
2 44
765 966
577 636
514 714
589 993
635 953
409 506
419 785
642 816
393 851
154 532
33 694
519 955
373 590
645 662
664 805
42 124
619 782
112 648
106 333
237 969
59 95
730 830
880 898
472 626
357 749
132 782
51 652
89 993
104 377
535 990
32 768
659 902
652 771
337 902
139 877
288 658
235 388
467 471
639 943
93 388
226 300
523 703
230 964
48 959
39 68
189 494
71 505
75 91
277 994
506 765
423 485
72 147
164 618
540 803
913 985
543 566
66 563
621 793
383 670
105 451
61 599
132 640
84 105
560 734
325 430
267 592
100 739
264 340
232 709
419 975
217 963
781 893
381 514
764 926
31 536
568 597
560 983
82 440
994 996
174 426
671 766
46 771
386 858
388 919
618 807
187 246
122 139
320 504
6 599
620 894
188 982
317 844
101 278
97 757
272 931
876 943
50 922
260 714
454 660
531 630
262 778
169 384
269 490
240 627
441 861
775 874
401 718
93 502
850 996
268 952
134 180
536 563
102 629
114 796
84 679
96 346
265 809
82 431
107 323
58 548
536 932
324 937
2 417
792 998
96 619
618 753
181 276
289 730
437 811
247 844
469 940
278 593
27 557
665 709
120 350
565 886
52 241
176 407
10 968
405 630
24 64
340 735
25 557
422 720
266 814
635 967
558 912
115 914
940 975
642 780
95 698
500 529
57 939
907 950
25 312
441 580
315 688
133 246
555 692
859 966
173 286
83 494
198 760
138 198
331 736
781 831
29 662
320 683
590 719
96 270
202 255
295 889
22 518
562 893
212 929
454 773
268 498
537 696
28 735
116 187
418 968
300 799
982 983
53 120
390 574
149 181
38 593
463 476
370 412
377 693
151 582
80 147
36 771
128 151
123 315
268 542
568 635
341 969
461 551
22 477
171 204
149 658
487 561
325 964
209 341
18 791
492 517
223 615
351 553
29 767
19 387
6 571
264 955
858 976
78 998
282 688
346 522
435 783
185 747
394 761
88 131
537 933
1 760
548 906
464 667
835 935
54 858
361 841
123 817
201 220
168 908
42 835
606 618
144 477
590 717
157 538
76 722
75 90
188 991
4 981
10 269
65 839
33 127
250 778
202 350
370 803
258 638
217 412
242 608
325 361
251 832
483 554
679 925
220 981
268 963
224 279
416 584
696 711
449 826
314 651
177 469
374 435
138 460
4 68
380 717
213 746
321 581
0 119
101 858
479 572
149 416
0 758
565 806
63 366
632 729
161 369
551 743
11 597
882 953
431 614
23 529
344 827
110 299
321 696
269 400
168 800
418 910
168 335
68 583
52 701
70 665
214 216
163 814
48 227
10 116
139 662
540 842
2 835
141 532
323 893
123 153
61 571
385 581
258 453
164 959
181 506
29 720
195 397
883 976
351 595
610 987
843 879
678 804
297 881
205 210
190 363
251 680
66 286
544 832
348 519
377 855
530 885
279 449
432 684
380 608
36 947
342 879
146 826
707 909
120 443
912 985
835 945
236 474
11 420
18 882
768 874
612 650
61 111
895 930
538 746
627 782
485 969
13 663
467 922
262 370
394 635
247 582
580 835
56 943
255 426
24 825
437 652
115 674
851 956
846 990
683 731
96 312
346 779
18 717
394 765
641 704
284 347
403 477
579 732
404 829
108 834
135 194
45 949
91 312
290 994
77 303
967 973
173 320
98 543
389 492
308 445
486 655
81 315
410 660
399 592
64 508
426 610
375 995
7 86
40 353
343 376
430 702
310 603
374 408
115 147
253 807
560 739
641 815
54 225
301 453
169 717
313 595
308 328
323 687
363 747
41 475
58 471
177 720
427 551
480 926
666 733
226 733
472 548
219 878
126 520
647 684
238 349
595 918
10 918
605 757
633 646
43 232
470 762
763 897
243 665
175 684
329 908
262 801
482 809
32 287
2 68
592 934
417 529
427 510
116 799
536 784
114 121
584 827
883 942
548 833
186 360
232 515
269 495
430 668
52 329
69 331
120 355
890 924
786 885
36 669
206 902
173 369
0 327
210 953
139 295
110 833
499 695
120 700
542 720
871 902
773 971
245 554
327 478
135 564
157 617
519 952
125 363
690 888
194 478
252 773
362 685
536 606
306 409
657 951
378 911
151 822
377 883
562 749
207 236
478 824
393 430
696 756
556 936
386 798
50 130
159 167
117 765
174 704
361 775
126 153
300 624
507 657
29 406
237 421
642 899
36 413
461 682
144 590
398 943
880 976
487 993
48 758
604 752
285 379
411 465
89 884
63 541
93 949
370 947
682 942
447 622
304 330
826 909
307 894
769 870
115 187
235 357
225 313
339 510
44 804
273 928
246 337
195 822
121 430
464 917
63 539
745 911
195 820
89 572
341 479
311 667
20 808
34 254
333 946
729 896
170 750
348 658
832 859
543 641
461 953
105 369
16 352
114 548
38 189
668 989
301 732
540 687
673 942
359 926
240 823
88 342
98 345
204 691
234 930
845 884
47 302
400 605
71 318
300 507
110 289
528 842
215 942
616 734
509 661
749 975
63 484
92 181
162 783
385 444
17 582
328 417
285 884
169 554
357 469
414 467
758 942
661 701
395 509
19 317
56 644
768 892
707 860
73 221
643 810
13 666
346 744
430 980
599 632
341 535
68 301
178 808
595 821
104 879
216 548
123 625
192 892
252 517
752 943
396 473
105 491
409 850
191 838
822 830
142 365
163 562
18 323
613 740
496 972
712 718
520 841
65 337
207 733
317 486
142 150
234 255
986 995
105 176
186 288
680 998
5 513
24 242
637 684
355 954
748 827
86 197
282 892
561 645
768 795
2 55
41 402
349 860
217 535
148 567
505 567
432 809
529 620
167 792
98 656
405 874
71 925
817 843
354 488
474 730
635 786
389 829
178 179
397 601
66 749
316 633
255 749
136 443
587 721
303 378
178 685
135 963
601 978
132 307
818 863
782 805
1 963
180 194
141 796
207 929
246 897
193 504
347 636
68 641
296 575
612 798
826 933
575 780
263 708
87 433
221 923
238 924
184 433
456 678
386 581
237 478
430 984
331 983
66 976
641 751
272 550
99 606
181 835
231 451
241 318
164 884
123 892
428 440
249 908
106 489
344 635
967 971
302 774
193 302
53 278
186 551
792 955
2 143
233 326
567 594
478 903
84 147
876 953
576 861
125 682
112 350
318 378
83 505
385 620
251 698
791 884
98 154
29 508
241 355
187 741
922 996
18 358
144 971
72 235
360 833
535 754
473 485
556 853
826 990
294 688
429 437
583 924
535 953
91 129
184 660
316 583
180 334
676 941
528 658
491 748
855 889
26 714
232 340
622 682
410 916
722 839
705 998
241 422
304 865
722 964
49 390
581 899
193 725
258 735
358 721
226 962
565 604
676 905
188 299
598 939
567 661
273 789
563 660
316 866
428 588
280 477
180 978
55 411
669 725
446 790
368 379
409 945
325 437
202 513
88 142
464 656
155 253
167 281
147 169
483 597
87 116
65 427
648 838
373 473
615 859
238 819
336 580
535 661
18 738
106 174
114 739
395 596
259 765
542 742
714 981
141 210
399 858
331 872
190 231
403 839
175 781
668 983
353 836
363 758
342 812
353 926
82 301
322 341
66 216
133 435
198 646
274 597
504 958
88 821
500 660
281 491
188 826
24 302
60 180
739 992
93 403
270 837
592 746
165 178
161 965
298 711
611 924
468 660
833 882
383 556
399 493
16 681
225 318
58 757
379 797
101 134
242 372
971 989
316 501
154 477
452 466
78 540
200 728
611 898
33 806
879 994
205 362
782 912
322 681
412 540
472 641
714 898
13 869
55 682
209 370
511 836
13 52
266 742
516 604
705 990
51 322
221 879
413 485
446 662
554 808
210 280
108 195
346 561
402 977
243 699
106 611
888 977
158 506
71 115
23 776
105 345
179 326
577 592
239 811
391 971
601 793
340 603
710 950
39 253
352 848
315 739
627 955
113 644
485 715
228 508
685 843
22 206
363 783
527 967
22 358
167 498
102 311
21 507
52 761
61 404
800 961
71 916
716 779
30 264
431 610
125 627
331 648
1 11
320 466
538 840
30 37
7 342
491 866
363 543
424 979
299 941
576 722
707 857
239 438
222 324
202 449
849 850
132 202
861 950
400 523
553 790
149 789
280 895
15 611
175 347
35 826
288 964
497 548
23 987
347 737
209 291
148 410
141 632
2 612
135 582
372 754
41 543
521 936
175 889
350 547
236 935
176 876
77 251
274 373
64 462
625 974
105 474
35 246
107 999
41 601
135 355
176 766
251 287
426 464
364 528
116 129
299 305
902 992
382 718
176 798
502 532
423 638
810 977
236 436
810 837
477 945
243 545
473 796
289 883
411 574
653 703
304 528
361 872
95 206
735 942
246 827
237 669
214 465
53 832
2 642
243 480
788 939
723 764
936 958
53 862
707 722
566 602
11 279
474 570
726 769
305 972
542 596
413 994
109 826
111 466
468 709
407 943
19 849
137 523
576 977
0 699
635 918
301 999
128 549
275 569
874 897
493 600
594 768
258 877
420 724
240 341
284 786
987 999
303 522
125 281
98 477
86 332
395 634
85 944
6 762
11 571
171 232
0 504
114 765
230 537
190 571
777 976
207 776
316 511
441 650
101 144
476 918
187 665
462 624
576 961
532 630
587 862
443 704
214 821
444 557
359 748
367 488
76 575
392 617
267 438
185 934
455 720
259 410
120 225
433 883
801 865
389 966
22 79
294 832
195 390
90 906
138 458
214 395
364 385
823 959
144 983
704 757
519 600
72 963
96 199
506 898
64 824
287 496
471 846
393 790
213 880
300 351
47 690
75 918
229 411
250 394
359 373
325 450
231 766
327 398
904 965
381 577
728 864
877 926
19 688
319 901
252 971
605 942
18 875
370 781
104 972
477 528
684 978
803 915
96 201
413 594
172 457
537 795
24 388
76 815
44 486
296 330
458 935
590 828
312 810
610 914
138 285
321 391
468 546
236 565
99 182
556 978
125 354
95 445
260 502
523 546
747 853
194 205
136 788
385 598
449 995
86 864
485 608
407 954
154 995
606 871
177 201
514 884
679 960
181 979
220 502
319 727
273 708
496 876
262 409
447 858
257 663
743 944
271 703
49 778
698 920
384 876
121 898
112 800
91 858
333 431
60 945
5 750
333 627
95 502
301 889
498 953
250 964
588 593
642 953
4 366
562 750
36 880
344 648
188 507
435 522
290 732
40 934
620 738
19 592
260 715
20 245
111 561
622 704
149 928
347 515
261 932
164 265
266 649
190 508
295 773
64 415
27 998
117 455
827 970
37 61
87 306
58 198
32 868
255 369
602 960
885 892
215 502
408 865
768 916
407 893
211 471
308 591
116 821
60 792
122 943
382 829
239 428
648 933
188 624
18 584
142 255
709 829
237 757
878 926
333 506
717 771
432 804
626 660
548 721
770 843
195 951
577 975
510 543
167 624
50 994
544 751
249 580
254 358
170 180
236 676
8 866
670 745
406 440
340 648
418 479
26 183
722 760
1 265
623 977
25 432
323 535
570 572
176 468
283 638
519 708
574 666
411 879
597 671
169 245
0 11
16 546
26 738
380 659
355 634
139 357
659 681
581 674
494 605
757 888
132 818
760 798
392 639
562 989
663 731
26 587
603 732
110 573
584 693
48 490
200 218
539 877
213 233
190 459
568 708
192 431
191 386
131 343
182 905
197 472
59 988
72 224
14 797
183 707
25 381
107 599
225 646
810 828
212 639
1 272
208 432
816 946
511 975
429 509
416 902
707 757
313 931
328 829
80 364
387 461
390 495
412 967
493 592
57 778
131 232
329 792
498 915
90 890
9 520
426 751
422 458
535 735
364 741
415 821
729 803
119 634
398 650
143 438
216 991
223 553
347 882
262 367
380 457
390 504
256 977
168 751
55 66
808 839
254 419
500 629
264 409
59 971
410 662
5 555
108 978
326 580
342 947
75 940
405 797
465 734
405 985
471 486
40 677
279 811
261 283
312 693
635 877
539 752
45 659
24 897
477 767
462 702
425 994
537 830
143 354
548 564
339 402
20 731
79 651
715 894
408 789
194 512
239 681
172 578
291 615
55 669
753 832
16 290
14 159
644 931
335 708
80 333
418 765
83 313
348 480
240 871
417 489
522 752
9 276
452 624
568 860
646 673
662 692
316 707
312 821
638 881
0 323
313 418
88 397
83 920
307 745
160 586
724 913
109 733
541 561
109 710
421 708
114 135
370 451
543 821
115 811
115 777
90 134
534 575
487 969
495 584
276 656
1 171
280 921
86 462
148 193
615 924
59 856
81 578
254 862
474 977
65 251
93 199
341 979
181 774
622 948
117 225
288 630
551 578
16 920
365 466
517 641
81 725
52 162
304 914
130 416
244 833
381 689
32 74
159 668
607 968
725 781
411 545
365 475
314 638
31 492
104 361
537 673
86 725
51 742
640 819
236 872
605 652
36 925
32 945
547 639
328 913
716 811
91 434
286 757
72 130
528 789
462 491
417 930
187 468
179 672
287 897
291 415
340 854
327 886
637 875
878 903
555 946
714 999
0 380
756 804
483 545
332 974
7 749
195 904
569 929
208 374
142 826
32 499
179 834
472 919
54 149
375 961
89 95
828 960
69 441
632 924
317 614
251 622
418 507
169 988
436 895
196 614
37 48
647 872
227 918
633 696
71 419
514 946
512 907
305 342
327 328
230 942
481 996
414 916
85 988
754 777
303 333
722 743
351 390
578 594
642 660
79 563
65 509
594 929
288 416
96 235
465 967
39 963
298 955
638 730
393 484
78 767
511 787
138 800
747 901
68 914
389 631
455 993
141 939
384 909
580 971
6 547
397 436
86 863
593 704
77 97
77 844
175 217
355 976
609 707
723 776
464 523
759 868
252 271
656 808
162 388
520 627
287 416
150 917
621 854
743 931
71 173
598 776
390 483
97 926
92 649
225 967
466 985
737 836
237 996
745 751
384 725
23 271
141 540
174 347
162 269
279 585
407 442
183 832
110 890
335 930
111 155
577 654
492 842
315 730
60 838
574 833
105 137
598 630
645 772
159 978
257 393
744 836
16 928
668 906
390 950
501 593
248 458
79 950
90 746
32 281
158 866
296 855
323 805
320 926
256 929
323 832
513 928
159 881
179 208
598 788
130 733
100 588
531 981
424 890
275 277
57 435
264 493
83 168
10 70
488 999
266 672
132 322
481 601
13 809
153 661
143 408
239 860
83 572
391 973
348 668
405 600
93 455
539 670
261 740
102 901
519 739
414 774
651 727
17 247
260 537
297 522
113 403
486 509
686 900
34 812
764 920
440 727
462 858
266 471
202 519
293 573
39 700
42 59
307 427
316 411
286 567
323 965
399 474
85 161
374 973
472 646
264 738
374 948
726 992
280 419
345 512
903 925
45 985
297 472
644 709
563 789
754 995
746 886
48 581
184 955
373 656
463 954
272 680
411 998
24 183
630 888
528 555
573 791
89 892
397 888
150 538
452 497
338 645
226 243
427 738
464 533
435 487
707 927
519 691
57 544
39 226
432 754
224 947
679 839
76 665
728 815
532 967
312 612
222 555
838 961
335 371
122 777
56 211
182 730
99 591
274 325
631 707
431 578
283 462
417 948
497 891
763 858
381 427
470 604
660 982
669 917
383 694
594 792
326 750
202 677
917 951
527 548
10 311
126 293
773 896
593 664
356 745
127 874
344 783
118 731
356 648
139 740
694 931
334 796
363 609
527 998
315 878
75 677
189 202
314 323
450 916
195 979
205 625
322 760
53 902
230 258
53 370
747 998
653 685
263 896
48 894
715 790
772 865
313 745
68 419
628 869
959 984
417 609
164 739
66 722
145 952
198 325
322 675
298 976
194 712
113 591
381 440
213 828
598 925
370 878
506 993
239 978
465 656
630 939
661 748
48 893
614 725
288 443
401 741
264 465
207 287
578 728
588 759
293 539
171 684
678 909
30 500
8 495
509 947
257 477
878 961
150 575
603 945
215 356
39 832
326 822
39 752
406 628
51 863
167 900
223 428
578 605
928 938
100 437
237 930
198 694
196 808
125 763
142 341
120 533
173 294
212 859
398 618
192 262
669 711
162 244
92 139
420 849
30 302
267 857
232 904
392 818
452 943
155 946
627 636
161 479
691 921
320 374
309 918
934 978
96 630
121 223
188 424
541 570
726 751
189 310
7 655
459 702
210 303
406 939
189 885
101 111
827 928
237 783
69 745
216 727
165 791
705 849
390 567
294 627
141 816
148 956
11 176
479 608
221 366
410 770
223 603
532 873
8 50
148 769
77 337
594 875
76 480
48 651
278 819
312 694
447 650
461 623
421 661
234 454
224 787
390 645
448 870
850 922
44 231
350 660
381 578
607 862
258 654
262 825
889 956
138 336
606 951
311 620
372 765
511 854
341 851
141 253
176 722
305 992
220 694
953 965
272 572
279 815
183 429
72 104
242 385
344 760
193 423
917 964
170 188
428 529
22 682
96 671
15 210
401 782
709 718
334 735
291 903
474 613
332 717
718 898
10 312
414 505
433 730
621 775
203 900
274 502
237 525
370 447
229 954
317 842
288 485
220 253
311 552
209 970
282 622
219 388
140 652
118 915
371 625
470 479
60 645
357 368
249 507
89 491
203 685
406 843
522 978
96 833
419 882
42 505
53 613
545 893
364 617
242 812
283 735
74 732
343 431
100 202
32 944
588 643
401 629
152 431
379 880
262 337
299 380
119 704
345 364
250 963
62 728
557 815
631 697
392 548
0 414
447 595
590 944
35 926
818 992
371 430
50 767
349 985
104 499
197 406
469 656
160 549
69 70
717 768
53 265
160 467
107 617
266 562
653 698
42 840
270 472
522 765
389 751
224 241
207 630
438 676
598 638
578 708
19 295
72 476
912 989
529 540
96 806
91 146
283 460
188 284
553 954
158 295
382 705
536 912
364 974
2 941
871 924
63 295
518 539
368 430
528 908
959 977
66 403
123 878
664 686
514 592
618 673
239 675
127 407
124 939
232 453
126 729
103 189
24 621
81 392
403 961
652 715
719 938
118 414
156 949
78 464
100 696
489 691
723 896
662 818
20 271
499 895
0 350
40 377
121 324
727 769
422 435
373 442
493 912
139 794
69 217
258 521
265 747
565 988
383 996
16 651
7 898
359 867
248 908
572 736
381 506
300 816
94 280
542 773
7 681
428 919
178 251
301 516
277 866
273 857
250 860
609 642
509 758
358 968
417 705
283 799
211 935
491 967
29 509
36 616
191 535
794 816
65 118
343 662
519 984
586 968
610 731
195 489
164 472
200 889
483 869
40 432
8 418
447 923
869 891
412 836
4 426
206 844
122 869
459 539
507 740
397 472
470 945
313 942
109 513
183 330
224 996
414 762
37 584
214 453
280 402
706 866
72 406
881 902
293 441
34 692
89 949
419 506
34 819
495 713
685 896
177 681
291 472
56 448
14 328
510 608
728 768
526 667
152 921
407 446
363 451
664 832
690 893
279 435
148 861
546 775
44 304
517 580
380 596
276 925
394 787
514 885
515 904
20 40
800 825
540 818
251 650
144 204
639 692
424 553
551 787
184 452
32 207
53 803
764 978
80 158
317 766
633 672
64 573
653 750
823 864
116 291
495 825
517 612
135 388
423 922
227 291
458 499
259 511
302 375
490 734
533 608
403 557
593 976
599 973
727 838
18 422
248 306
513 918
0 117
540 659
923 950
733 767
378 449
104 245
87 753
190 638
47 594
547 640
521 570
239 297
14 711
17 667
533 614
287 731
298 533
456 624
249 743
50 542
122 787
227 506
226 697
218 273
117 291
213 913
505 990
701 863
519 530
70 485
63 710
216 597
8 840
405 609
584 947
58 660
86 166
312 637
215 855
506 585
325 851
315 720
356 935
17 227
439 465
529 712
149 280
158 478
235 473
409 767
183 779
621 819
298 456
513 934
664 871
372 989
444 722
304 430
379 673
657 844
113 721
262 725
354 555
772 827
540 791
588 974
319 407
617 947
863 881
483 527
753 855
827 868
173 299
258 678
198 267
311 874
341 600
695 926
155 698
298 874
238 462
272 910
572 869
732 879
558 612
217 480
386 868
5 644
546 556
773 911
252 867
725 793
232 299
173 844
82 531
155 635
344 504
224 727
181 589
201 938
91 156
33 477
376 391
121 923
385 947
48 166
773 989
289 312
5 156
536 814
450 590
44 935
306 771
511 895
304 449
396 448
834 957
334 873
347 577
524 609
84 657
42 425
354 782
139 714
510 881
453 676
72 331
388 989
251 843
500 885
52 685
10 896
121 871
448 696
305 468
324 904
314 367
330 448
396 721
584 587
277 615
37 960
687 777
531 950
187 380
31 432
279 872
744 794
400 490
192 221
147 517
125 461
236 455
309 909
204 497
245 481
112 282
152 442
411 744
35 143
66 931
576 803
370 697
97 899
213 444
360 670
313 796
174 549
435 603
807 858
104 284
641 749
435 738
502 901
179 936
110 645
354 573
51 265
165 944
157 500
171 609
869 922
43 967
823 922
33 479
82 763
137 723
228 512
413 510
82 689
701 727
55 151
416 653
458 597
581 959
106 542
130 975
449 816
19 639
723 850
673 805
162 613
478 880
243 824
431 945
582 904
0 557
351 459
284 506
612 770
252 827
643 939
53 958
283 776
308 808
774 934
166 470
213 252
495 909
37 340
293 440
275 793
626 850
356 604
726 910
89 320
260 978
31 733
368 570
731 807
93 676
146 505
109 260
169 711
101 956
749 861
136 394
597 894
114 498
305 377
224 626
466 554
238 551
160 585
744 919
891 947
748 838
446 450
157 209
166 619
258 832
5 267
161 321
435 602
259 659
164 235
631 885
141 475
182 726
454 636
822 879
12 401
847 980
189 462
357 433
707 967
618 974
939 972
135 926
146 726
186 891
423 733
522 874
56 251
239 600
510 775
118 264
98 787
463 602
640 820
347 387
5 140
464 674
809 944
391 671
308 929
41 562
352 436
603 916
492 868
355 842
313 643
431 619
385 755
255 772
455 747
129 778
211 722
290 602
598 745
307 531
236 640
556 743
191 588
34 424
68 943
699 914
462 851
348 588
218 955
360 673
138 702
154 914
868 958
43 752
618 683
713 988
239 531
15 301
565 596
435 616
286 510
79 211
649 874
166 587
221 674
77 828
487 642
272 355
315 953
459 571
799 998
589 636
331 938
248 957
392 886
749 865
31 296
257 960
478 945
619 844
274 699
186 447
869 894
353 387
737 792
153 429
484 679
636 719
84 605
380 949
354 763
245 666
21 542
145 217
513 844
312 491
383 760
277 384
123 629
422 982
487 860
203 891
323 922
408 879
260 527
234 357
375 955
396 900
397 849
363 966
457 594
27 977
411 569
199 606
534 588
747 973
176 428
751 990
450 870
159 329
482 869
563 857
176 816
25 606
213 572
159 740
381 768
136 951
94 531
66 502
35 475
165 463
3 507
377 726
211 782
595 698
421 771
27 866
148 431
889 951
332 591
9 79
137 174
209 958
123 964
24 319
238 631
360 772
907 964
572 911
605 993
682 823
183 372
254 323
72 845
7 433
643 925
99 973
780 932
97 660
407 684
390 416
274 541
239 751
448 675
150 405
20 185
392 580
720 834
67 144
74 680
577 957
550 717
56 850
68 482
299 890
715 752
280 378
383 608
408 617
120 410
430 813
393 657
174 377
580 593
260 521
450 668
217 737
0 625
483 939
238 693
725 797
306 357
175 914
93 145
323 503
488 617
286 626
234 812
355 814
228 406
74 426
643 678
163 678
103 620
513 665
341 590
647 814
341 948
838 885
455 896
182 725
433 959
788 995
401 773
16 199
46 827
194 990
166 725
93 590
183 787
181 997
434 481
339 348
177 522
233 770
311 985
418 953
270 300
396 559
53 575
232 947
494 622
222 699
660 668
289 844
455 822
193 241
303 532
177 590
62 175
399 948
253 486
757 817
376 905
153 958
304 452
190 278
764 946
329 959
432 970
239 803
348 793
96 481
423 881
274 295
574 598
85 694
827 863
194 732
592 699
42 248
151 232
450 526
348 855
133 409
177 564
372 970
205 912
67 793
693 980
440 579
134 267
16 94
350 562
178 942
220 261
190 764
68 804
152 214
275 623
285 452
10 187
100 423
567 842
245 548
38 535
127 802
