61 185
445 700
520 784
682 88
519 999
814 753
245 841
748 434
165 890
66 61
319 331
790 8
374 826
698 143
756 420
844 169
606 289
870 126
426 904
567 945
903 733
698 148
574 798
935 739
688 1
153 7
684 295
367 58
122 65
554 230
486 398
399 92
688 621
570 114
525 489
411 781
222 110
929 797
260 864
888 949
217 41
308 901
689 676
960 163
93 514
393 579
264 144
23 952
118 594
418 643
83 830
424 658
292 706
807 552
922 695
501 140
89 162
41 778
838 353
293 283
219 686
863 484
182 238
436 300
184 207
944 620
37 720
278 329
426 85
881 349
132 735
841 221
897 882
351 87
588 644
370 807
682 585
291 865
824 80
165 8
639 461
628 676
534 258
357 960
695 590
661 828
325 502
401 574
737 753
13 325
749 384
132 784
321 776
649 145
208 166
506 847
980 486
875 514
745 232
826 792
822 840
620 148
342 22
74 79
127 88
756 228
824 241
12 145
17 13
643 577
532 149
776 512
987 651
378 84
883 204
877 705
44 497
205 739
519 632
170 998
720 927
227 544
168 239
41 537
253 684
114 785
833 890
649 173
541 27
257 776
583 134
833 628
984 391
367 855
23 537
854 743
816 81
639 984
672 680
521 277
365 635
414 550
877 63
723 770
442 333
546 26
819 732
6 803
123 373
659 146
262 865
241 431
946 880
415 970
560 289
600 277
924 14
180 154
430 255
924 872
588 823
250 408
555 256
563 30
981 222
176 596
87 417
27 385
297 442
708 209
731 308
839 8
322 371
514 104
626 790
977 567
613 227
975 520
484 890
550 817
113 78
413 552
495 440
290 144
235 998
706 966
306 897
326 980
268 840
85 894
631 414
461 596
993 788
469 829
679 371
647 144
450 60
48 297
501 338
794 88
336 500
54 994
397 733
327 17
925 412
911 556
178 725
505 171
865 326
1 544
697 648
40 499
60 89
797 913
779 591
1 468
443 408
462 192
141 789
209 66
553 472
975 83
197 832
255 63
158 256
959 855
256 352
355 316
793 504
230 572
447 231
40 890
639 855
434 132
996 995
551 550
467 526
633 17
710 240
432 868
496 743
75 752
95 782
421 240
286 651
813 733
234 205
975 874
60 761
6 57
756 909
959 576
435 944
593 145
185 377
365 33
120 441
138 568
223 559
808 862
562 973
947 796
179 275
670 239
36 29
648 145
938 607
721 726
552 314
223 89
43 941
122 163
382 260
83 957
171 244
171 733
217 119
530 748
746 552
340 782
933 340
927 224
948 0
950 852
666 525
941 709
466 415
225 200
28 308
510 551
552 681
285 122
152 167
222 898
71 914
33 5
255 312
229 555
313 531
407 979
408 700
689 875
467 914
427 847
574 937
399 479
971 684
953 475
203 175
726 274
442 111
279 697
423 860
252 88
743 11
68 152
63 109
379 530
375 806
378 301
96 777
780 419
813 85
894 16
261 972
290 55
83 922
752 859
782 356
947 526
719 367
30 782
828 409
312 555
215 42
857 663
171 989
82 984
75 329
352 688
653 995
743 737
917 847
948 51
555 895
929 274
615 959
408 795
368 720
351 936
115 560
951 286
549 34
623 976
715 975
16 720
970 759
457 239
958 757
5 572
139 620
532 547
767 252
620 118
540 87
30 492
373 932
878 348
908 945
324 925
665 646
36 475
886 347
232 529
212 237
101 704
209 985
603 977
590 575
447 130
662 478
622 388
410 852
736 670
797 412
947 463
59 336
938 297
35 170
826 599
760 279
303 969
617 259
298 207
186 746
337 201
224 312
589 986
164 677
8 962
442 956
425 853
644 363
150 679
885 328
278 645
959 934
615 576
545 913
783 731
11 473
932 235
785 873
573 949
903 582
911 345
890 336
550 534
51 700
565 937
380 843
582 691
129 549
268 674
815 403
406 826
876 690
414 661
564 339
611 819
273 522
164 163
211 714
49 262
766 614
551 498
810 486
189 939
35 809
966 202
213 372
29 89
414 795
751 978
134 714
797 408
588 313
923 799
379 973
414 497
939 965
995 749
451 537
41 839
346 7
41 559
731 422
1 145
569 104
476 704
818 625
464 406
291 387
558 670
712 972
520 652
289 515
753 93
404 794
932 751
153 325
310 884
100 663
382 669
767 210
725 585
835 541
344 478
281 902
501 993
226 21
997 515
888 103
960 293
897 244
44 403
570 706
287 22
370 21
43 137
231 121
75 419
662 419
897 295
673 398
641 251
771 638
118 660
741 79
953 991
323 349
394 245
55 33
619 777
55 663
267 286
784 342
57 798
113 955
94 138
705 735
389 477
725 507
137 467
938 442
810 262
791 204
859 198
589 479
328 644
494 595
283 278
289 340
76 754
647 522
892 353
257 633
182 983
492 671
802 431
113 612
45 256
168 256
454 109
735 782
754 229
729 389
859 18
81 288
772 729
810 16
434 420
649 616
403 142
639 557
925 752
521 322
360 41
578 814
150 314
949 904
895 30
645 755
49 727
395 173
808 205
190 242
625 839
210 380
333 849
289 610
953 810
932 313
851 511
479 2
825 428
258 72
811 256
827 860
983 222
385 791
780 575
385 757
767 595
490 452
444 779
63 397
942 995
710 145
506 189
499 683
970 758
756 133
14 935
993 349
510 378
140 642
306 525
399 73
472 241
525 268
373 940
17 667
936 79
812 794
620 312
478 590
422 586
723 788
873 68
137 383
799 629
377 457
506 129
530 330
370 407
598 95
700 615
762 636
694 575
782 314
239 612
257 661
198 332
801 424
753 290
159 904
271 537
361 129
666 243
459 388
2 409
484 702
24 246
690 70
173 473
736 412
85 345
425 636
678 226
60 783
868 219
687 139
756 48
268 422
643 79
163 645
488 647
348 512
245 38
934 419
863 23
831 949
368 609
585 398
187 997
181 56
216 220
195 325
268 816
99 263
895 262
909 384
909 609
248 155
999 183
574 863
206 757
812 926
718 749
325 906
98 858
962 314
79 157
639 347
325 739
963 221
353 872
605 263
481 853
770 480
388 696
343 946
805 507
873 524
608 550
430 706
408 744
373 487
253 364
187 579
455 150
800 809
22 405
424 855
610 194
335 999
242 31
297 47
890 170
923 851
720 353
557 129
449 282
616 703
647 803
282 102
953 82
911 327
839 335
182 449
881 870
800 123
253 98
523 143
620 446
994 341
152 904
822 601
186 790
656 833
946 938
936 899
372 199
579 563
887 761
365 120
983 165
244 236
615 119
380 236
565 726
929 69
630 103
671 817
893 327
2 839
618 290
91 342
490 22
906 729
783 271
849 767
788 445
355 404
564 735
992 482
814 273
551 444
728 574
613 973
254 968
165 224
258 256
566 100
278 472
829 413
95 679
532 884
476 888
640 393
975 632
875 141
257 778
586 985
353 551
958 959
519 123
183 130
731 101
230 361
574 412
127 669
443 11
905 919
251 545
312 579
177 187
720 786
318 658
123 23
210 82
982 81
557 517
563 641
618 794
354 544
206 833
566 649
845 471
920 96
17 233
675 546
772 396
333 90
406 456
113 616
890 447
50 800
964 613
793 935
759 499
831 317
333 397
318 178
221 239
626 238
824 654
136 596
402 469
39 808
278 504
777 520
952 827
672 268
792 465
555 904
965 387
221 298
136 540
828 357
131 806
947 955
460 84
903 862
905 294
671 535
799 448
56 103
627 80
723 771
546 631
675 863
370 897
513 506
789 341
216 272
147 515
579 960
951 482
174 857
129 845
744 280
645 152
735 624
233 458
396 779
441 423
994 811
320 507
670 461
200 886
733 699
401 312
659 705
147 834
562 628
31 658
908 29
811 643
5 44
453 401
175 895
825 521
58 497
28 728
311 228
614 396
927 368
61 587
73 560
773 987
188 804
997 448
185 808
443 191
204 248
944 731
495 121
252 554
971 280
860 249
30 788
969 91
727 394
3 852
733 191
656 730
991 194
891 434
385 95
683 329
179 530
451 783
84 422
416 719
56 276
968 86
416 289
530 143
35 533
995 768
77 4
498 420
550 741
207 935
189 242
616 368
772 419
151 857
193 567
576 249
196 896
688 612
537 570
108 572
340 884
811 190
305 361
932 512
648 121
754 265
841 526
36 992
735 230
912 663
831 460
559 871
424 448
441 532
20 249
340 360
133 151
903 790
865 835
302 865
308 408
482 149
935 519
493 22
749 757
686 932
217 597
804 642
46 597
526 66
846 866
779 980
370 34
770 587
221 425
452 529
833 935
30 120
454 523
495 555
281 181
487 850
778 291
492 176
241 19
595 87
237 726
419 959
760 542
546 981
967 999
510 152
286 540
625 92
415 120
647 696
301 486
547 431
130 391
960 371
762 555
458 0
281 230
959 41
772 506
22 91
857 884
243 495
776 868
587 191
988 586
240 641
72 139
425 554
530 385
925 645
940 736
645 573
966 956
614 90
814 988
181 23
224 424
518 352
645 105
895 985
691 135
627 116
626 52
670 509
789 948
154 729
36 799
654 354
107 620
444 922
608 625
945 184
401 464
536 46
921 783
32 965
271 11
81 897
415 103
406 204
51 912
285 439
63 939
793 171
559 237
93 519
214 390
55 616
854 591
14 776
726 398
741 997
409 174
895 824
277 653
380 681
566 665
120 629
956 266
800 515
503 245
386 70
636 441
38 842
384 52
970 111
803 63
108 212
237 355
389 867
9 121
900 927
787 20
556 95
286 709
611 142
306 349
212 942
791 602
137 175
654 107
286 457
171 747
22 408
102 763
627 463
884 527
390 23
900 299
119 538
360 82
32 666
431 596
961 574
198 98
102 853
205 388
662 728
487 36
137 942
799 116
405 36
644 148
411 896
799 882
434 159
316 467
177 100
63 490
674 262
588 776
467 146
517 481
874 4
518 363
298 669
480 56
57 476
204 469
372 3
351 806
514 668
625 43
768 689
534 794
303 474
571 770
620 88
251 847
444 121
562 743
791 42
799 848
870 355
317 242
710 21
401 576
41 26
619 809
67 505
603 370
980 526
492 952
966 96
151 763
217 714
858 8
756 9
209 979
364 878
221 426
899 974
2 940
1 973
101 420
831 57
791 163
935 635
115 902
731 267
665 301
981 523
661 89
884 870
68 248
749 642
26 0
616 28
293 969
353 746
390 184
803 533
347 91
520 815
993 252
434 10
905 767
885 566
208 769
437 629
369 538
271 395
538 239
775 831
561 128
578 951
665 733
836 364
824 356
531 169
960 965
531 865
84 416
432 293
537 221
922 906
759 545
653 649
136 428
481 697
909 411
0 926
496 188
642 673
545 174
194 857
491 726
75 576
494 859
221 384
80 495
290 191
392 296
840 528
724 673
578 985
436 930
911 933
119 554
958 16
80 152
225 571
230 300
147 725
159 368
109 591
863 751
782 255
47 623
136 124
648 66
109 85
996 373
370 115
279 328
483 359
832 709
930 63
9 430
140 521
150 601
112 366
704 247
973 104
222 109
228 870
175 689
307 524
414 677
991 693
5 475
52 190
536 335
253 545
765 745
418 915
346 883
633 50
130 607
154 704
716 734
574 244
776 882
768 190
911 759
884 269
586 288
459 122
623 64
20 740
809 438
8 155
673 641
557 803
248 64
507 965
150 434
561 926
668 329
117 579
440 1
848 27
641 307
501 265
371 521
5 180
312 13
687 985
655 597
141 903
13 648
220 163
434 781
90 102
462 207
682 255
560 530
634 553
190 135
818 561
9 176
94 321
189 133
306 196
82 447
452 95
448 672
259 882
806 701
985 620
260 19
875 172
549 861
725 739
997 544
653 6
720 99
679 261
232 337
810 315
137 262
410 585
286 21
819 444
722 156
65 982
175 292
154 77
154 880
168 503
776 821
861 848
920 540
109 153
229 271
820 366
885 582
303 172
604 123
968 326
631 33
661 159
678 815
236 832
47 404
335 823
226 196
671 498
88 133
3 317
404 823
684 290
758 987
814 362
462 782
40 446
168 53
605 846
221 841
678 268
245 365
444 823
913 115
674 1
600 677
318 357
853 354
999 611
342 813
325 156
947 365
954 467
419 559
313 640
400 343
260 998
60 704
173 973
172 847
974 772
877 645
129 730
999 128
293 18
850 593
735 156
60 506
716 374
498 468
69 759
818 130
463 344
103 987
543 430
760 420
75 241
502 74
722 195
768 15
213 970
608 301
126 21
807 194
395 306
663 816
65 481
825 402
868 369
832 980
141 259
221 644
333 295
191 453
311 757
423 271
58 902
292 865
96 39
171 759
208 588
593 154
821 770
908 41
491 740
21 633
351 594
629 685
890 820
138 553
577 914
176 987
168 821
853 264
212 376
376 420
317 321
927 138
91 835
179 935
928 552
920 279
498 549
964 740
721 455
645 651
721 822
638 889
995 843
505 207
572 881
980 889
554 907
27 998
742 558
933 670
462 853
302 960
754 618
53 475
73 698
478 146
872 117
35 867
312 541
427 884
774 407
773 329
314 152
327 56
62 260
79 524
465 381
837 219
999 890
46 425
588 525
571 461
642 959
680 954
500 107
191 626
866 964
955 180
117 282
589 179
894 20
56 711
401 893
930 752
783 329
529 723
854 101
536 848
60 217
154 912
676 345
538 543
662 846
75 779
480 664
310 727
684 366
438 437
611 721
542 746
50 71
470 256
172 6
104 584
575 610
848 604
956 739
147 618
937 222
749 417
239 411
144 275
130 935
713 741
656 255
488 58
326 310
314 851
668 770
787 244
380 636
200 688
727 347
658 664
921 407
81 512
171 578
788 301
865 853
394 873
460 234
931 138
544 597
341 565
367 129
161 747
117 361
788 844
60 446
860 981
206 293
846 377
871 986
678 88
839 72
961 651
659 892
141 203
841 483
768 208
964 281
308 81
642 96
277 702
894 489
36 100
782 882
477 6
868 507
94 59
932 56
710 591
300 851
146 142
686 267
702 650
548 10
83 191
458 712
893 353
201 929
805 336
163 635
342 31
142 788
90 74
844 152
17 497
4 164
991 42
431 45
693 331
408 128
522 866
841 768
571 394
49 729
730 213
364 72
596 506
861 687
933 57
839 950
906 195
466 249
238 249
295 283
581 703
411 455
921 604
223 845
999 625
574 729
838 938
154 434
444 15
473 729
424 665
32 683
212 498
932 802
748 227
85 681
282 849
136 204
453 712
401 452
689 975
534 879
913 688
665 709
55 139
791 831
156 823
514 368
321 447
171 421
26 256
454 661
457 943
217 911
7 618
715 696
593 249
575 858
289 592
919 696
731 710
528 239
533 42
608 207
841 131
980 220
739 435
881 197
730 98
108 737
716 175
433 661
777 360
519 66
952 790
115 36
501 643
627 386
37 235
593 879
366 926
451 106
361 332
655 443
430 115
180 498
290 965
159 67
677 678
486 981
468 601
17 321
244 997
708 633
232 653
864 951
579 315
409 292
647 64
735 429
179 915
927 821
232 86
889 909
116 375
891 937
976 260
610 572
257 318
205 842
324 70
793 903
737 554
548 385
970 283
166 149
551 94
322 783
532 211
693 1
938 936
290 914
196 900
838 454
571 396
296 895
818 441
150 555
995 698
292 965
982 459
466 533
905 788
668 789
0 361
790 290
297 432
557 846
333 395
300 904
791 948
151 961
389 301
517 384
0 161
349 334
972 167
219 877
955 887
19 307
601 161
598 250
594 155
96 927
902 396
183 46
344 686
7 85
987 876
469 339
38 170
673 10
337 892
240 645
132 259
304 733
420 254
983 14
409 80
293 664
710 525
514 69
610 854
946 432
193 336
954 219
346 292
463 938
289 595
197 945
328 618
200 664
984 961
744 630
625 924
458 687
801 325
757 764
179 55
548 724
391 502
295 89
146 759
28 435
354 225
381 683
195 933
699 532
894 443
162 520
719 620
207 873
945 316
989 476
371 537
553 114
39 848
204 538
607 584
325 314
161 706
349 357
639 48
889 886
843 403
406 562
23 965
787 321
634 776
149 357
665 702
472 57
903 28
595 510
612 920
824 773
979 173
482 970
573 723
856 416
126 614
331 502
932 118
823 566
247 324
923 264
27 395
321 930
775 268
792 739
189 969
513 520
494 347
842 68
423 699
484 549
665 815
51 597
286 226
163 533
551 87
797 930
834 471
212 610
739 356
349 280
325 214
152 172
914 995
240 337
694 76
238 711
244 290
309 530
868 472
415 771
911 564
53 98
35 617
60 127
974 761
759 651
976 912
175 242
907 767
579 953
844 817
664 440
459 325
970 680
150 737
803 61
301 857
511 689
474 571
168 800
333 927
804 661
839 979
903 98
747 834
403 943
3 68
383 815
745 353
495 895
90 650
309 743
507 820
432 334
392 600
134 77
880 938
738 719
270 993
170 17
827 573
960 182
993 343
997 739
48 844
634 490
495 943
233 354
116 18
688 508
618 175
585 498
465 675
570 735
668 92
104 847
17 64
29 11
759 379
102 159
575 88
649 70
384 235
777 500
253 465
360 223
992 945
74 458
972 996
545 640
440 650
839 457
66 868
820 178
599 274
337 175
363 339
597 747
926 374
599 531
192 959
754 184
256 180
994 228
528 892
220 968
542 59
778 960
279 598
138 231
873 828
406 588
519 3
687 445
730 286
976 922
245 82
458 853
615 453
81 143
345 653
464 239
712 242
551 343
192 42
574 417
870 332
5 389
688 44
186 418
330 162
692 927
596 150
780 211
603 213
707 300
866 171
891 930
765 443
274 309
485 200
79 707
533 84
448 221
129 634
991 811
148 683
739 744
833 871
308 789
85 15
441 951
538 685
882 655
128 508
316 965
708 395
672 593
832 472
166 313
106 157
124 606
192 215
702 378
87 10
519 172
377 960
475 267
645 709
274 125
217 591
442 278
986 466
871 818
938 390
131 396
899 608
2 92
823 57
470 910
67 989
434 797
301 262
416 299
971 691
776 189
282 219
467 268
685 690
439 976
80 570
372 980
178 727
424 354
784 894
264 203
235 51
352 888
313 769
187 284
460 316
825 94
535 292
362 572
983 153
548 415
724 921
395 254
0 171
608 784
417 225
339 652
276 692
893 941
461 432
225 273
748 51
367 283
695 81
856 30
235 756
446 311
677 193
565 29
365 526
813 782
751 505
787 379
197 32
320 10
464 897
635 565
300 354
200 996
435 56
26 22
165 824
333 194
370 251
224 735
129 37
869 232
894 8
611 91
40 283
453 857
180 88
422 481
442 622
477 230
31 855
252 196
32 938
390 402
541 614
489 670
4 710
902 898
719 865
342 111
148 795
968 328
884 390
161 678
13 990
908 396
198 161
592 230
451 334
984 992
949 473
14 305
183 268
203 254
133 545
366 633
341 334
313 577
77 475
255 442
817 164
838 15
677 782
245 128
116 229
472 417
54 838
722 590
106 926
196 591
823 562
224 516
249 889
93 326
364 701
120 182
217 958
549 894
92 795
374 208
376 846
626 783
684 700
725 142
626 921
733 802
484 309
318 85
198 764
763 915
465 883
449 682
193 998
928 285
145 302
845 522
148 471
657 184
524 382
326 150
303 411
304 139
720 623
576 270
739 339
185 556
222 634
590 767
633 518
52 778
172 898
652 672
721 661
856 245
43 534
748 699
945 52
190 665
27 767
935 118
458 473
674 33
107 616
800 92
134 205
871 658
103 875
330 176
537 186
774 932
720 522
631 17
926 174
682 306
293 970
424 751
443 451
784 550
67 937
995 202
142 866
212 597
93 543
773 630
81 547
563 154
421 546
171 348
720 206
6 365
176 430
117 619
881 253
521 949
542 516
503 684
734 715
281 828
258 407
810 692
306 373
846 728
920 17
428 992
223 434
358 751
864 827
722 98
432 244
47 975
112 902
659 199
617 293
379 228
52 189
920 358
563 118
86 835
135 866
179 711
300 889
462 517
716 185
615 149
781 14
476 245
268 487
444 885
780 823
465 832
13 737
543 928
855 981
115 991
848 646
54 500
536 516
369 604
701 336
753 834
350 581
80 618
69 876
856 849
700 673
34 65
411 929
345 618
910 812
961 758
458 15
611 994
532 980
599 585
317 704
772 19
638 852
990 707
728 198
908 780
871 942
197 634
871 894
253 134
706 214
244 165
230 855
511 114
836 462
51 505
519 823
524 157
27 866
864 108
64 772
240 936
67 438
570 290
332 175
424 391
742 669
556 972
876 419
438 64
882 841
569 753
665 446
910 44
312 126
152 377
250 393
665 669
183 587
960 867
763 736
258 505
757 166
829 634
586 619
50 820
460 972
573 477
770 835
522 82
313 674
811 563
419 828
233 954
416 545
822 531
281 80
388 39
247 569
25 833
188 427
5 0
399 930
478 169
765 0
604 430
26 415
345 798
596 578
752 12
475 574
895 757
655 283
148 254
204 525
439 392
952 444
744 704
374 222
873 491
222 477
273 601
245 618
399 841
549 151
205 24
78 452
133 85
735 633
339 291
510 130
35 463
574 779
519 300
2 392
143 576
222 416
177 819
34 576
12 583
80 217
960 510
669 93
595 756
79 286
47 589
416 434
404 342
213 923
994 215
316 137
792 890
553 321
709 939
250 721
875 330
290 835
928 787
67 359
425 466
949 841
900 353
535 113
277 529
681 945
18 825
187 923
146 896
862 396
969 737
78 259
572 270
570 853
409 989
564 834
455 513
27 707
219 914
172 496
795 853
793 813
30 980
736 529
228 951
277 197
688 356
808 613
978 378
818 740
367 382
248 306
881 467
220 53
963 368
259 108
181 641
440 270
170 668
221 448
217 261
156 25
874 486
755 44
226 474
779 505
648 27
811 881
494 383
286 809
751 545
917 285
187 357
555 709
377 776
157 594
37 313
971 264
152 726
308 730
200 439
235 200
466 398
81 960
782 719
769 885
617 686
170 156
395 725
865 772
501 23
718 891
688 689
507 840
415 167
571 967
607 158
519 73
557 600
34 339
672 155
576 289
842 747
445 589
472 310
714 326
685 784
569 374
474 76
566 241
243 489
561 850
648 80
924 205
33 310
896 705
465 472
994 659
571 439
601 396
101 315
722 787
99 643
513 925
719 79
519 314
569 80
165 569
160 441
126 545
751 22
250 568
846 596
228 770
387 829
166 489
496 240
276 595
883 789
873 954
220 392
268 141
824 785
710 336
226 836
882 329
210 132
898 409
729 126
179 468
307 345
957 803
937 585
398 820
726 623
126 947
367 394
88 191
180 151
528 758
987 410
88 550
894 986
959 975
464 138
444 771
835 753
574 772
339 324
944 65
300 70
12 667
816 453
859 996
107 943
501 195
845 395
533 804
723 349
294 519
120 481
272 46
253 611
722 549
29 22
619 393
690 436
846 901
784 802
640 891
98 493
438 295
240 323
100 963
672 746
834 144
228 107
190 833
70 265
383 99
287 2
493 329
790 691
582 575
846 574
818 296
67 257
591 308
580 691
623 605
790 458
749 18
565 292
851 635
557 234
87 196
589 580
878 731
623 460
306 469
35 477
765 454
86 709
762 666
752 386
271 542
844 373
560 761
665 412
748 574
998 835
122 939
767 0
671 743
813 329
212 200
806 330
654 892
391 769
911 143
155 534
686 351
907 246
464 924
10 212
850 361
400 973
300 519
325 971
262 138
301 827
338 107
509 345
352 900
114 263
43 621
149 81
324 57
328 788
333 690
352 184
51 104
509 352
624 834
323 238
325 976
417 15
436 926
360 788
178 474
403 574
447 552
655 771
961 983
911 295
26 616
831 77
720 340
429 696
526 105
935 851
433 352
867 869
631 227
9 161
54 412
735 501
317 391
625 278
726 536
925 104
152 108
182 225
448 963
921 975
420 208
178 854
913 45
75 896
625 85
57 679
849 793
532 518
536 157
149 614
46 74
71 550
183 253
775 983
216 697
310 637
257 489
843 170
534 918
66 511
355 124
190 205
269 75
723 157
584 872
123 630
299 194
533 834
447 308
817 16
357 480
5 615
969 848
137 855
118 204
367 474
680 909
31 949
984 106
458 569
331 581
551 630
128 84
816 927
745 985
943 102
465 300
69 434
500 207
290 619
763 9
445 443
918 476
392 903
934 202
824 265
783 375
247 263
812 63
191 557
401 486
11 866
787 433
653 287
992 943
258 755
304 55
198 222
883 942
125 818
144 301
435 279
677 683
543 841
98 734
750 499
220 761
718 359
546 371
999 538
666 609
665 843
544 548
785 670
718 281
323 154
561 0
189 104
193 639
190 943
491 410
705 209
122 603
932 121
142 598
730 787
920 395
631 464
296 416
486 366
698 810
872 611
162 61
715 356
53 257
299 544
19 356
105 141
312 37
262 454
987 345
241 259
740 872
723 388
641 562
107 691
372 979
302 886
393 369
594 446
626 246
990 645
954 447
787 266
484 401
720 823
746 314
82 839
538 157
579 531
719 686
222 443
666 876
330 59
245 924
505 223
170 847
869 125
294 8
391 130
409 464
953 508
130 35
347 668
192 926
200 264
613 774
707 631
3 389
690 600
314 547
824 836
394 45
313 688
405 705
818 814
521 123
322 651
158 21
671 702
948 871
318 913
998 26
544 1
415 234
601 81
781 777
918 527
822 583
567 227
288 385
394 161
860 68
812 370
90 484
424 390
707 743
303 57
121 847
410 888
433 12
970 566
141 240
93 964
823 660
543 464
397 937
625 257
358 790
979 448
626 403
190 685
146 493
743 267
692 153
156 477
517 478
43 659
718 136
975 893
148 518
357 897
808 335
506 166
477 485
966 103
888 508
140 35
1 883
654 45
389 810
522 258
640 917
269 358
405 244
604 553
763 961
450 923
648 308
441 125
793 407
228 681
915 369
68 268
604 723
665 345
885 539
956 526
456 225
236 861
470 840
766 585
154 568
508 802
876 301
928 669
708 508
350 975
229 419
595 186
494 612
883 379
151 839
905 607
65 494
820 535
334 586
472 840
154 332
643 382
633 923
51 693
431 753
668 13
172 615
199 18
579 82
398 730
922 655
689 339
149 861
874 836
447 698
28 953
30 671
335 663
946 738
356 730
491 376
743 16
991 294
34 922
728 784
652 650
440 693
341 941
554 567
777 353
265 806
658 295
829 993
958 128
83 314
858 926
42 953
942 385
247 329
307 975
113 959
978 905
4 319
847 558
887 976
263 504
782 921
800 964
266 110
92 349
425 302
276 819
255 570
205 502
899 512
829 365
824 807
270 828
479 469
739 718
446 2
222 580
276 22
544 542
133 988
892 910
290 520
729 897
442 286
399 342
799 229
59 623
388 681
803 219
151 894
937 597
249 160
177 525
534 74
419 667
414 663
929 57
183 11
954 626
297 354
320 448
935 731
71 675
412 227
895 915
473 184
512 722
344 42
599 231
116 19
898 530
682 180
587 218
543 542
196 840
248 868
289 535
599 712
562 363
291 457
279 765
642 791
839 338
185 439
569 301
810 820
184 844
352 123
414 895
17 610
735 617
830 376
152 429
89 715
145 732
524 424
497 518
567 689
857 753
480 778
406 290
598 942
486 302
66 901
197 435
863 933
53 694
661 557
475 102
624 620
835 149
44 332
19 964
373 228
717 853
7 475
495 957
418 982
260 836
235 809
271 98
742 676
144 756
234 620
858 210
240 693
711 637
378 731
953 751
959 22
605 318
497 100
628 267
434 240
103 669
120 144
403 264
900 989
236 758
200 829
452 911
818 182
994 771
933 306
793 538
624 290
991 604
910 777
844 13
799 894
92 919
38 496
535 938
837 772
48 389
953 500
653 771
682 647
542 968
305 335
858 282
977 849
886 887
979 731
253 778
625 345
697 15
193 584
953 383
708 1
772 661
854 777
432 888
777 326
856 82
13 715
364 343
916 251
582 895
982 835
673 959
533 722
974 78
659 279
813 367
632 938
29 486
715 813
375 492
492 583
927 505
298 291
848 567
894 431
462 228
618 488
539 151
562 513
582 221
144 395
941 777
685 970
263 401
135 990
245 627
574 172
133 224
816 333
791 62
764 606
291 383
446 830
886 8
696 820
582 840
568 523
617 253
845 881
6 980
223 252
960 797
776 445
22 944
778 165
7 543
771 298
278 569
480 516
578 176
337 512
17 905
35 634
158 232
867 165
212 91
769 524
240 897
969 614
194 100
132 201
995 903
851 273
473 331
789 403
508 126
915 877
383 302
863 542
534 731
59 98
174 180
975 414
77 944
381 271
44 513
824 39
768 675
664 593
359 454
996 219
932 263
96 316
917 959
210 803
42 621
902 216
801 877
983 230
173 364
854 570
229 678
961 997
706 626
591 417
432 939
636 716
555 732
384 824
43 594
628 86
215 882
302 368
111 637
599 636
353 805
206 582
835 520
932 541
498 875
310 282
166 946
998 73
30 383
898 74
329 878
160 897
760 814
265 223
804 216
859 157
21 418
92 857
938 24
750 788
899 413
70 417
359 420
491 390
155 741
816 485
619 328
382 379
494 999
954 298
216 813
456 589
583 900
798 873
924 901
661 175
314 731
592 673
504 435
415 659
176 583
144 795
911 878
526 406
878 480
56 446
646 512
387 229
412 186
103 688
87 116
215 753
200 808
778 704
595 546
363 772
129 508
919 41
738 446
799 968
278 855
414 276
368 154
506 132
340 961
173 779
77 388
884 277
548 662
333 144
208 697
268 338
557 187
379 295
985 178
264 616
33 30
892 753
184 750
238 876
63 763
7 141
151 891
770 700
554 104
196 762
153 464
452 710
3 183
357 341
361 621
957 747
4 849
852 540
600 442
769 663
205 776
156 357
668 279
409 574
735 957
688 240
421 141
950 776
324 307
117 38
281 74
137 637
276 989
529 228
432 298
243 637
427 752
346 95
31 755
21 118
64 709
358 485
850 660
614 527
319 731
565 600
158 54
589 434
43 119
662 827
769 257
817 196
9 163
643 40
271 664
510 335
374 220
173 576
232 139
455 552
222 372
504 380
426 94
166 822
213 180
649 982
438 466
179 447
982 174
840 605
839 702
940 565
923 465
493 507
604 949
59 827
321 564
559 100
658 78
922 223
258 571
557 48
390 736
496 372
911 688
977 102
390 269
667 665
735 160
173 691
109 584
870 783
148 782
883 806
860 805
381 118
728 939
167 118
27 15
490 290
703 819
392 445
89 411
111 176
572 636
219 33
220 90
168 369
872 51
527 732
208 261
202 937
200 721
55 227
736 898
518 791
717 262
237 158
674 700
686 246
688 906
631 908
348 800
629 220
203 509
304 412
770 858
701 970
580 756
549 668
6 419
812 76
682 401
234 356
101 273
954 789
179 937
49 527
737 679
99 293
540 755
705 310
965 758
632 545
866 181
566 873
953 378
949 635
131 535
343 232
160 297
373 339
234 774
218 324
453 669
617 345
776 674
655 742
432 639
639 298
821 205
171 774
935 472
761 66
360 104
650 520
753 375
212 987
150 782
663 955
452 280
301 228
954 308
970 738
948 962
37 121
167 560
247 455
385 8
873 745
112 876
617 217
251 181
204 753
964 220
709 416
500 362
996 807
670 319
897 970
281 934
91 800
847 338
607 232
698 481
329 162
709 946
379 960
480 584
66 444
156 775
212 656
489 208
815 511
527 713
482 808
999 573
961 846
264 568
78 962
401 407
125 110
706 504
423 186
440 489
982 596
616 194
253 105
402 420
616 282
485 450
442 485
24 403
331 288
972 762
250 373
521 375
836 579
232 259
765 672
748 747
269 716
941 874
173 696
646 789
978 132
592 420
617 616
824 300
256 148
414 858
873 936
586 709
867 818
968 633
490 68
732 759
136 26
985 309
74 632
451 52
764 43
824 733
659 0
385 267
148 800
125 374
88 711
83 955
529 404
940 372
824 25
483 961
403 469
270 477
101 721
881 217
764 705
302 775
58 687
42 206
839 168
932 927
231 16
235 761
772 527
133 596
552 616
909 307
437 180
136 890
253 369
107 370
427 409
145 485
449 540
43 288
60 976
568 291
992 155
404 116
682 537
712 587
506 974
246 943
154 383
834 759
752 293
129 179
55 627
16 504
167 60
144 227
36 64
870 380
571 275
496 606
164 560
545 670
534 791
966 40
526 800
800 631
93 281
162 148
908 179
4 427
239 501
6 627
565 877
7 489
504 503
95 668
415 640
339 950
431 305
342 958
457 142
941 902
776 103
403 684
282 407
464 873
260 470
500 826
347 507
315 203
362 762
872 778
402 563
80 833
220 422
143 677
917 436
579 693
540 334
729 174
742 193
48 2
664 548
180 363
408 847
567 770
609 791
900 11
354 980
197 574
403 692
603 320
129 534
13 21
869 94
195 611
288 243
965 304
144 498
19 904
697 938
26 307
729 927
670 83
907 219
9 662
912 612
982 393
499 347
414 368
442 609
331 82
205 648
386 701
146 757
605 844
696 631
503 425
910 173
861 818
745 222
480 9
187 815
402 686
162 168
54 956
777 737
390 334
385 776
35 532
886 992
728 582
624 231
359 534
756 572
704 501
147 537
510 334
352 912
372 866
432 426
175 562
163 565
896 548
694 284
432 580
276 160
514 252
391 225
139 500
798 195
1 297
84 512
631 436
776 3
655 209
781 182
123 296
747 19
196 793
655 629
373 284
789 239
888 533
465 27
33 615
575 386
912 659
250 895
448 379
898 455
940 31
637 63
327 736
434 523
530 90
504 255
374 646
847 262
531 312
642 564
279 217
302 191
228 553
438 676
284 688
483 224
719 120
287 398
209 721
273 91
163 778
346 537
424 193
152 955
857 146
871 136
715 173
679 943
78 117
972 362
805 455
938 876
928 225
274 137
299 548
228 814
326 926
704 102
472 856
57 329
354 280
818 69
805 849
364 236
967 336
598 124
144 889
1 72
466 627
561 765
527 141
932 205
419 636
307 891
844 716
573 198
348 743
267 154
592 631
390 911
320 340
36 464
229 389
888 696
368 801
813 896
294 745
453 713
733 761
957 577
829 882
775 178
625 394
684 569
26 74
481 346
766 869
162 348
610 50
396 978
203 209
226 497
307 680
210 392
793 519
970 622
401 745
152 26
140 836
948 518
262 429
216 29
298 378
377 260
780 125
238 983
334 817
480 993
497 42
738 642
562 708
616 963
805 769
342 297
957 290
815 220
71 383
601 369
761 330
629 541
455 219
876 141
36 356
487 885
399 225
527 961
933 144
276 90
265 618
388 222
260 555
794 331
939 747
77 33
946 884
605 822
26 641
879 282
90 758
595 375
254 871
465 871
842 205
446 454
113 240
786 52
340 190
456 417
224 402
654 829
577 680
822 108
897 53
390 987
812 985
714 418
208 531
290 50
89 736
505 202
328 643
606 668
833 62
438 57
817 92
238 394
124 61
502 21
114 244
360 278
581 426
49 789
957 339
192 46
427 49
600 107
692 206
776 525
621 214
935 438
658 173
832 782
586 686
155 53
930 867
683 863
293 732
652 602
423 196
1 850
245 601
310 937
808 86
815 429
652 102
219 662
627 51
796 214
737 951
619 19
170 302
234 463
387 886
65 810
83 418
13 680
20 323
618 180
761 785
961 765
887 180
427 514
231 223
80 320
526 51
691 696
706 925
159 93
163 576
255 598
995 268
279 367
943 249
547 704
34 508
821 273
688 248
139 271
471 572
943 997
623 634
693 329
911 204
422 74
133 30
25 480
298 304
847 594
905 394
650 291
254 472
916 294
720 55
565 544
979 508
541 603
494 587
284 405
143 59
831 628
89 856
108 739
512 307
333 769
53 984
60 307
456 976
601 528
384 518
72 363
378 966
318 872
905 603
629 400
662 461
29 751
669 489
490 182
797 176
951 850
512 364
510 320
340 463
848 76
334 273
440 712
239 758
585 496
713 214
896 375
27 277
478 697
767 321
231 916
497 182
766 9
898 628
329 591
92 529
667 426
802 107
490 393
218 75
241 931
642 490
659 669
767 137
718 886
458 949
802 307
132 569
668 382
549 997
973 641
879 641
419 33
100 910
779 318
337 20
602 979
510 261
1 630
398 719
516 209
669 319
516 153
240 185
535 789
534 509
783 765
150 202
799 602
464 930
921 802
302 523
133 813
136 134
795 534
206 311
95 875
982 964
380 574
149 915
364 35
776 499
801 926
701 952
529 518
882 802
320 184
677 453
349 813
940 496
699 146
160 147
373 142
111 753
717 260
20 433
647 797
932 800
75 985
752 956
503 986
110 175
523 787
629 872
952 921
721 4
419 881
151 792
23 614
897 92
226 269
877 873
66 161
674 494
147 778
450 2
117 913
178 640
700 159
864 5
432 585
361 851
466 864
995 842
478 244
286 704
513 164
929 932
325 955
426 824
734 228
827 851
141 357
843 194
516 707
551 948
293 912
151 111
776 146
953 606
390 592
662 255
756 591
187 433
547 613
258 633
842 437
836 335
794 679
529 662
738 80
962 383
344 465
495 472
611 800
78 353
392 740
608 500
684 796
934 231
761 544
216 603
981 404
291 127
83 820
141 173
253 103
557 597
920 404
70 531
204 500
236 949
241 844
449 925
992 383
508 754
927 76
709 260
480 0
739 915
821 880
88 426
335 997
375 255
401 445
138 958
946 374
907 539
571 356
816 563
740 676
317 19
752 27
632 584
379 371
499 552
252 939
978 939
937 354
195 690
151 333
648 449
60 555
988 631
912 156
194 4
832 864
375 936
891 7
520 270
731 19
823 335
311 153
274 248
859 821
290 11
507 939
460 567
494 801
198 758
957 392
114 142
256 490
430 499
849 951
122 932
322 297
267 633
802 542
233 662
715 524
673 222
815 485
789 661
286 987
420 596
732 534
90 340
376 520
840 578
471 314
510 146
963 778
131 765
672 365
427 387
241 100
610 408
586 751
69 224
91 489
820 823
376 262
163 104
783 355
682 606
21 545
752 984
323 236
750 347
953 529
734 194
630 696
602 568
800 23
144 891
865 965
66 241
579 229
697 362
937 732
321 310
277 425
647 600
661 749
947 614
278 33
160 260
82 114
180 882
138 325
125 3
596 221
772 293
584 61
25 257
372 302
682 19
254 344
768 553
310 398
587 471
659 21
585 839
903 75
164 380
78 806
571 26
28 343
320 964
405 697
221 777
352 903
148 606
599 268
160 910
666 99
733 325
120 670
165 375
746 681
755 176
488 326
203 516
21 523
832 426
572 53
555 924
956 55
531 908
323 43
818 990
142 551
315 614
221 832
989 319
514 96
496 354
774 699
222 795
574 54
574 146
107 129
71 415
185 954
323 860
997 493
850 491
396 518
105 618
702 94
289 216
542 785
922 316
836 144
111 410
198 685
909 657
167 332
73 704
286 396
564 635
242 415
478 638
285 583
608 987
29 898
556 571
683 478
887 520
975 998
282 173
36 191
183 203
523 256
907 161
4 823
796 246
590 274
885 875
209 493
863 238
743 771
161 779
249 48
299 224
399 933
750 435
125 933
990 0
541 249
162 897
72 310
496 663
937 381
890 146
226 753
737 322
524 898
101 126
299 752
702 698
685 804
485 810
89 475
163 630
76 325
880 148
635 376
163 924
109 54
71 687
159 160
9 36
410 110
514 709
862 216
759 548
21 244
710 110
71 225
93 147
550 973
648 538
349 163
462 810
569 885
497 729
397 507
117 808
969 631
869 832
199 629
732 220
225 794
683 649
20 128
148 922
453 796
460 154
312 275
964 881
160 461
962 558
968 431
366 938
62 235
122 614
216 206
186 442
352 869
91 372
349 239
295 802
388 107
956 700
382 920
933 895
382 248
453 702
679 171
992 742
758 114
708 975
672 894
769 25
116 212
397 465
451 44
268 191
504 224
243 886
497 177
781 231
425 586
933 456
757 926
550 868
392 258
843 65
153 964
90 269
176 839
734 979
236 354
171 740
931 414
626 428
943 760
659 720
346 944
177 456
870 727
324 615
986 519
32 491
483 122
760 659
313 846
638 549
201 809
641 132
576 620
560 871
380 571
592 78
515 121
534 738
848 210
353 186
729 737
677 212
211 437
871 524
284 862
426 837
23 419
969 599
39 881
471 771
452 415
850 319
536 736
409 736
947 114
923 676
851 952
241 62
742 464
587 378
326 365
215 350
784 184
301 176
417 124
947 221
539 149
540 427
238 950
164 537
64 87
565 916
39 806
978 133
271 917
511 597
634 726
299 771
262 601
947 679
725 894
900 617
396 441
44 634
743 208
171 159
647 736
75 39
895 406
172 166
675 684
115 662
410 415
433 25
368 380
704 93
626 605
62 22
398 107
8 141
667 531
300 315
268 728
354 515
486 878
681 513
562 148
175 325
563 608
350 931
988 54
377 615
11 439
637 409
898 646
550 566
177 203
881 797
931 587
664 769
817 345
282 380
494 458
57 409
66 759
693 55
165 422
22 177
213 11
586 112
657 489
30 187
44 263
336 327
850 1
96 667
698 378
399 544
188 808
306 255
567 999
662 733
421 36
262 634
47 848
98 705
689 128
244 733
391 932
60 593
285 508
613 984
239 364
880 427
173 186
34 92
185 48
825 958
84 87
945 132
288 395
189 329
524 433
415 267
717 827
213 3
336 178
339 575
542 571
354 715
758 389
808 295
437 985
606 522
425 551
654 65
298 843
394 174
628 809
442 697
637 7
700 325
185 391
252 727
963 606
795 721
995 955
368 785
940 974
307 717
877 313
782 176
508 177
350 488
338 144
185 327
503 886
652 688
629 904
768 592
511 563
665 858
870 386
643 810
360 302
528 590
967 662
766 475
839 468
963 530
965 149
857 468
387 510
509 16
766 277
961 277
192 978
488 62
364 131
224 77
786 104
667 753
767 785
229 958
253 544
488 570
693 346
39 432
208 900
449 974
177 762
604 721
740 444
135 457
927 711
534 713
816 201
467 935
338 48
893 591
944 734
514 990
80 553
422 640
805 223
614 334
985 570
55 78
14 190
887 942
901 421
7 69
974 826
356 312
874 250
255 171
336 769
161 416
674 583
408 479
807 374
813 144
945 220
574 311
762 461
253 16
234 261
437 208
87 794
872 314
44 128
837 380
249 998
148 276
581 908
755 740
282 921
237 579
493 811
891 256
625 496
624 859
109 61
420 549
855 292
215 251
772 52
983 22
50 483
298 983
391 405
724 26
678 313
605 524
124 496
132 101
345 756
961 454
817 381
3 25
673 570
276 798
622 612
172 672
95 470
8 839
227 84
865 258
397 470
782 873
319 914
975 664
22 936
118 839
669 474
216 694
44 493
492 19
105 664
43 552
486 51
391 66
135 256
324 532
79 458
758 398
724 733
62 746
21 532
937 690
6 154
736 403
999 581
422 456
245 465
8 84
869 400
502 4
8 178
889 87
636 999
485 712
732 899
458 105
432 395
147 790
549 883
193 900
464 967
356 62
433 365
498 654
117 0
10 477
178 899
565 166
898 402
878 982
302 336
87 86
83 234
876 985
470 70
885 286
37 242
348 822
607 198
828 76
198 839
553 376
738 470
894 989
873 772
323 527
108 411
613 544
997 841
529 819
911 414
106 301
656 806
475 615
5 304
43 203
495 597
932 585
67 826
574 292
951 250
171 411
13 784
955 362
626 484
182 889
251 288
542 259
94 370
875 451
26 918
7 521
867 939
106 287
117 33
579 68
283 751
832 296
887 787
658 865
272 192
107 875
480 1
134 927
371 361
730 397
280 737
270 499
28 377
786 146
762 366
566 45
469 398
693 708
538 703
926 162
896 33
37 728
34 171
7 758
533 738
155 165
475 426
155 803
2 917
521 920
314 342
671 7
50 209
62 976
723 310
361 760
39 396
283 46
506 168
136 661
333 612
439 350
468 594
505 822
863 26
94 177
368 117
536 770
678 951
747 401
261 460
161 652
208 445
699 714
613 187
728 299
151 167
1 619
114 858
793 977
884 240
507 604
357 395
374 36
346 473
437 608
286 951
260 494
396 311
209 361
499 937
12 650
456 365
622 570
223 767
900 459
7 407
415 365
154 790
401 501
615 190
461 901
141 73
748 889
737 309
603 588
246 615
590 54
333 564
625 556
332 877
368 339
284 783
56 790
925 809
291 893
0 104
794 493
178 894
383 267
203 986
855 801
953 797
856 638
362 833
547 694
710 915
385 346
698 794
136 624
955 780
869 307
884 15
801 414
910 536
681 465
874 888
267 179
686 475
818 400
660 365
446 370
280 183
68 330
977 556
306 933
336 175
592 573
191 393
987 101
929 21
566 803
261 185
335 299
12 153
51 672
518 497
42 150
681 462
480 10
19 139
295 707
314 888
280 857
281 620
310 563
993 229
718 606
414 53
258 427
206 309
451 76
807 494
226 840
308 59
850 679
550 498
387 864
386 19
74 19
639 384
934 984
613 653
943 380
58 201
159 617
510 610
693 669
456 272
509 117
683 712
796 233
210 183
449 596
203 523
967 194
260 902
531 225
555 474
605 965
27 116
582 537
727 628
559 535
900 68
652 583
132 449
168 342
984 617
290 539
493 258
86 753
512 617
330 419
443 936
384 470
404 967
359 483
595 918
19 847
987 23
782 119
824 950
814 809
919 104
348 412
714 434
517 226
403 848
645 846
136 30
668 540
349 28
24 296
946 395
143 285
770 925
757 595
875 571
404 146
27 104
559 742
891 76
320 646
276 966
493 412
348 513
305 49
541 681
345 840
76 840
125 846
117 882
793 992
453 197
490 481
654 49
575 545
478 895
191 754
213 36
519 913
902 824
314 443
505 11
283 933
851 761
131 968
643 925
312 449
474 803
282 128
204 857
25 34
104 569
789 670
605 660
935 507
836 602
303 341
613 938
626 817
699 757
137 343
682 802
792 157
605 74
637 161
283 663
196 739
761 189
997 697
49 833
299 704
526 264
642 152
81 342
909 571
37 944
373 181
453 330
607 90
491 242
753 39
981 337
376 95
879 725
792 928
910 443
984 788
59 626
940 493
320 202
498 437
242 951
119 849
41 962
91 147
2 425
836 730
520 715
456 664
995 718
459 979
507 518
958 447
11 278
1 427
340 499
216 582
450 335
784 844
298 227
991 300
652 827
30 524
543 838
540 538
557 999
870 64
518 828
863 881
458 865
661 798
716 877
733 167
213 517
11 863
744 354
163 749
181 545
273 76
736 814
967 293
165 837
709 683
17 572
917 475
789 578
626 506
807 359
25 20
876 388
235 972
742 398
721 275
296 995
352 32
161 671
677 326
508 386
362 525
310 631
352 100
561 978
958 368
337 983
741 565
371 976
538 465
727 259
740 23
606 444
407 119
115 84
446 975
822 160
852 132
791 205
232 352
183 190
720 873
525 461
438 896
438 976
713 165
588 454
540 546
250 299
666 366
383 112
693 557
624 546
689 415
751 274
119 286
464 839
159 342
653 950
238 443
278 304
960 866
758 852
413 360
151 431
726 886
895 420
443 519
318 132
286 69
758 405
707 223
596 867
565 249
169 155
44 447
811 356
666 569
208 431
282 359
862 8
245 757
780 40
628 98
525 914
519 283
319 227
858 915
446 775
517 615
283 561
62 94
918 728
16 478
159 298
838 373
306 435
130 439
828 758
889 353
672 409
988 343
988 847
259 786
622 128
753 905
41 167
352 311
248 368
790 759
666 980
133 324
767 615
115 595
374 5
948 398
766 937
94 106
136 353
892 110
833 645
368 874
812 720
186 412
88 328
172 106
308 305
430 75
920 546
671 646
551 971
397 669
260 491
775 396
196 19
507 29
664 875
903 828
947 441
241 35
769 765
141 429
70 923
505 990
821 528
989 724
499 386
393 760
877 168
508 73
539 367
102 555
594 357
736 541
151 329
928 272
94 421
702 164
345 559
87 495
243 586
881 636
698 758
157 559
183 696
926 637
252 873
347 988
414 498
317 695
122 411
116 824
927 813
735 433
332 822
929 575
761 162
211 459
921 720
370 456
769 649
94 21
522 441
361 288
291 30
983 413
793 452
590 720
265 325
505 597
148 434
524 909
949 88
720 222
808 91
678 577
740 772
950 614
565 311
902 856
693 886
622 486
338 212
558 955
889 64
905 37
850 429
298 799
517 371
21 326
814 700
255 906
824 206
520 390
869 422
246 915
660 868
401 350
432 960
306 322
376 211
711 226
640 362
26 510
733 47
188 547
99 443
453 924
1 325
666 223
747 264
138 760
133 891
110 917
203 768
239 579
979 303
806 972
665 832
482 398
231 670
297 683
465 102
959 467
427 625
42 526
889 180
286 374
423 749
292 627
517 883
206 849
186 12
821 851
196 655
601 780
677 250
463 142
352 422
961 131
47 3
658 288
535 296
663 959
45 307
586 915
190 144
764 729
157 937
580 705
592 534
485 269
784 948
763 489
722 725
620 121
728 630
410 616
927 425
575 324
732 513
239 922
657 355
651 166
292 584
872 236
470 357
505 254
658 621
95 732
346 716
854 426
698 616
42 977
41 617
302 773
482 893
47 140
249 51
306 893
987 178
130 457
888 635
63 898
608 159
630 954
227 484
381 925
100 775
903 493
745 557
266 227
450 314
367 51
717 26
945 704
556 75
161 796
62 224
694 671
735 325
977 962
161 710
240 614
486 495
107 231
52 726
458 854
392 178
906 109
204 203
165 760
630 326
557 44
902 603
67 638
280 45
952 794
755 192
408 593
687 867
824 91
945 283
946 337
813 204
798 17
759 963
129 389
641 38
433 544
642 853
534 922
898 838
716 5
383 476
599 422
696 423
514 641
58 460
979 871
16 129
240 775
93 722
516 86
760 301
630 402
154 516
677 404
355 745
410 90
222 361
512 918
559 195
838 890
418 854
372 11
981 817
733 497
151 886
248 305
402 925
62 109
670 472
199 244
185 712
162 321
516 929
316 287
135 40
298 117
857 31
966 761
876 117
647 124
775 401
401 837
863 424
661 414
668 846
478 183
167 569
257 36
498 925
675 985
966 973
102 823
356 421
936 584
890 935
61 17
337 462
206 552
886 867
966 907
65 445
90 585
14 699
973 864
976 648
849 942
973 304
118 681
725 54
265 967
342 678
985 679
141 191
231 379
411 197
286 476
994 728
413 8
427 386
872 404
386 74
698 359
378 816
392 455
223 10
422 565
688 407
596 181
951 179
561 362
728 199
190 723
928 604
731 355
342 956
111 81
382 810
440 760
978 185
567 201
195 989
118 883
749 714
417 700
245 978
62 974
529 604
697 809
560 780
517 903
736 628
984 470
438 776
230 769
961 797
970 508
139 441
744 888
507 161
940 753
491 354
727 20
958 424
182 519
204 699
774 293
327 110
763 118
886 346
887 200
495 209
60 986
2 804
874 510
965 166
263 456
520 342
829 831
118 11
350 674
62 476
967 389
586 83
859 824
781 98
376 628
660 437
615 662
241 841
524 559
8 139
367 880
481 196
711 599
559 413
274 621
889 593
363 827
28 574
4 161
25 380
790 37
169 405
699 763
598 576
322 958
715 689
839 549
238 550
148 149
316 774
771 557
368 486
737 748
412 741
910 437
473 700
474 643
457 526
758 55
102 80
14 169
121 205
718 711
107 219
861 423
993 984
981 713
822 70
462 234
811 724
672 636
424 498
279 233
24 389
640 478
821 6
648 943
211 366
6 319
585 867
94 931
203 427
644 25
497 458
612 308
182 284
945 958
782 576
543 159
966 184
637 787
190 285
82 754
4 89
425 589
308 519
520 864
947 517
241 796
975 853
105 510
137 402
468 272
330 12
431 648
548 420
788 738
706 222
844 710
663 269
651 972
141 524
188 440
41 429
236 368
283 693
878 772
447 699
396 778
711 179
778 259
600 566
349 306
789 546
368 804
815 371
128 308
247 316
748 640
98 985
9 381
30 239
505 478
938 902
608 649
81 386
260 681
305 962
339 94
508 59
250 675
783 379
984 30
695 732
671 793
69 32
526 452
271 32
930 210
286 538
211 719
924 472
753 229
434 444
675 942
504 926
617 287
657 953
669 352
38 692
498 459
724 24
911 996
408 841
558 46
731 769
766 8
241 871
237 27
315 265
321 819
543 291
458 200
244 480
904 282
172 402
742 897
779 5
245 539
847 803
586 930
572 704
938 166
927 528
193 242
145 867
414 688
158 872
240 754
704 496
389 877
251 483
774 382
488 19
921 687
822 859
618 746
915 556
912 842
84 458
85 229
325 851
269 835
723 861
589 428
710 978
657 961
461 431
695 950
802 968
989 976
828 607
722 95
516 635
290 952
93 727
182 770
578 803
605 653
17 194
433 79
525 90
392 986
873 87
288 675
55 278
3 235
683 753
713 973
706 158
700 240
928 630
395 533
283 764
79 717
843 604
159 235
943 33
674 231
60 730
861 64
317 451
142 0
204 855
325 262
365 25
854 293
655 250
826 291
14 905
360 210
862 519
797 805
904 472
388 965
554 602
381 871
53 875
224 609
82 549
872 447
927 726
740 934
328 918
225 695
175 585
457 54
194 361
526 583
678 432
185 59
304 238
286 880
847 368
429 71
167 356
150 259
291 478
177 868
525 705
806 782
742 263
837 289
624 715
872 303
148 57
714 804
647 353
684 494
73 465
918 241
174 68
500 817
898 678
685 424
735 843
558 829
106 395
118 83
111 990
738 611
399 804
415 46
157 451
893 231
916 811
472 90
231 324
259 129
354 945
905 89
788 464
919 247
211 37
330 674
380 420
285 779
224 700
826 734
503 719
965 420
882 789
862 113
113 122
594 468
419 852
909 559
668 828
158 879
218 488
554 598
260 839
377 485
892 555
219 395
274 536
167 156
325 382
621 790
856 216
610 627
68 520
186 736
700 345
967 918
185 521
868 446
713 246
283 605
801 854
352 428
390 872
936 67
254 558
209 462
774 820
89 194
692 275
282 392
972 249
663 510
123 531
308 836
129 591
793 283
445 145
711 187
369 647
606 623
557 815
437 331
987 526
877 679
154 511
424 126
113 439
988 236
322 296
424 452
887 217
735 684
714 798
871 84
797 477
59 355
645 497
38 632
23 268
664 529
779 440
8 892
879 996
128 201
293 552
5 532
121 740
217 836
890 440
272 688
270 331
395 915
180 433
899 556
701 563
85 481
355 93
725 234
90 206
788 735
758 793
267 232
886 836
68 776
277 692
816 547
23 211
814 556
645 713
112 698
629 197
531 984
643 257
219 85
463 359
820 573
152 439
805 38
276 225
167 553
917 335
452 293
547 266
849 544
331 313
242 960
862 126
945 505
735 516
942 198
875 762
123 379
202 281
770 478
858 289
383 128
624 835
421 171
453 622
67 784
935 662
745 149
788 42
655 523
910 597
73 785
712 548
516 266
181 286
96 40
575 479
168 552
666 941
75 471
563 143
255 850
805 352
999 945
746 6
468 656
956 893
441 20
441 310
286 623
948 382
15 876
213 183
428 879
476 503
350 39
646 957
241 803
310 592
748 56
599 568
713 907
461 506
927 255
168 213
230 117
947 597
993 160
132 421
39 608
924 741
999 923
698 240
726 360
832 827
769 783
395 834
690 857
692 969
464 861
182 46
978 129
643 971
289 775
392 680
383 668
773 382
943 824
974 670
184 158
497 305
294 244
139 336
453 832
306 917
693 840
315 671
970 958
994 611
85 738
644 820
758 417
554 702
593 528
724 778
39 573
435 333
817 575
669 271
759 975
540 804
168 856
827 138
166 821
101 604
559 97
