250 333
529 492
747 167
882 756
13 206
801 889
99 844
415 982
919 482
118 967
547 907
90 779
253 914
766 810
787 214
671 38
547 200
530 294
719 764
50 85
323 204
974 422
400 389
404 319
223 874
287 123
781 377
902 35
643 21
197 431
235 868
821 134
420 351
780 139
468 183
224 791
387 550
213 139
940 970
459 515
844 98
638 626
827 893
13 471
914 210
902 501
430 723
635 850
426 415
341 246
598 918
37 337
468 251
477 408
573 288
276 417
386 914
395 213
807 760
684 73
322 938
574 752
13 209
954 792
977 296
38 927
214 76
265 34
679 94
443 252
382 71
21 120
985 769
333 145
529 370
570 852
660 145
956 674
706 263
466 35
559 856
963 125
932 580
159 963
674 954
215 408
25 589
528 363
358 213
860 887
935 430
91 596
927 400
622 634
663 440
669 574
296 984
699 229
564 210
192 590
517 760
998 894
701 526
609 59
92 469
298 27
252 390
623 179
790 245
813 453
37 835
27 334
171 78
915 736
640 459
326 509
219 677
404 920
555 13
331 647
835 630
675 87
372 650
266 514
248 432
967 285
619 346
619 790
776 534
878 768
994 557
278 565
234 34
838 141
399 521
789 586
151 464
673 875
114 292
389 362
76 356
0 47
54 619
189 182
506 420
951 852
977 581
769 563
967 959
704 366
481 845
953 632
661 978
508 776
622 249
490 50
606 842
449 12
462 639
195 320
59 498
172 388
431 941
303 398
901 359
116 734
205 421
366 866
752 226
994 374
476 837
777 434
679 226
798 493
865 345
813 276
195 985
664 626
279 319
24 532
679 141
266 884
914 984
102 666
563 97
41 391
286 170
177 965
396 975
459 262
673 624
890 868
962 907
847 241
226 871
125 905
364 391
789 279
727 244
297 290
341 338
33 627
508 210
944 257
538 403
871 211
380 761
431 342
668 278
583 895
502 60
800 218
803 942
849 530
186 147
173 879
837 206
858 698
417 802
955 307
558 826
870 938
587 301
280 256
932 215
503 786
275 655
4 78
597 854
960 135
1 133
14 190
340 872
888 109
27 843
416 585
669 638
523 609
291 155
217 223
370 720
9 645
375 366
75 325
220 35
460 573
169 827
763 861
51 652
970 78
847 738
663 869
376 538
478 667
693 47
891 63
767 252
60 494
618 487
819 190
523 632
763 44
459 879
905 862
883 875
941 730
613 604
951 989
495 429
656 188
828 899
252 595
504 664
442 122
152 261
313 27
245 428
71 56
659 328
919 542
203 860
625 168
816 576
509 311
358 517
852 186
769 456
134 273
120 576
747 624
189 412
651 787
193 74
843 852
402 114
747 957
974 724
477 143
652 986
806 362
856 10
549 625
250 939
963 997
563 504
410 567
291 603
641 487
455 44
601 554
1 928
278 479
423 931
817 581
293 25
592 194
650 58
581 252
997 544
250 913
401 660
480 44
615 121
531 422
517 485
977 871
765 607
702 540
538 519
121 184
545 713
730 547
124 312
800 473
208 402
386 609
414 866
654 29
340 537
803 857
374 780
728 491
740 430
31 630
302 153
814 199
218 545
746 342
857 898
168 417
300 554
27 714
773 33
743 465
922 899
322 297
679 403
788 771
185 820
402 839
325 216
38 895
113 137
238 322
35 758
740 336
312 767
402 437
152 498
902 74
397 577
371 428
332 512
200 517
684 602
709 9
170 747
256 284
884 846
606 272
604 698
960 917
817 362
706 969
860 609
44 257
186 767
686 518
279 886
387 315
840 96
676 10
196 933
294 80
779 253
704 384
951 664
653 769
27 359
90 887
968 134
497 506
902 535
376 533
421 764
849 261
212 525
623 408
810 918
841 590
523 545
974 474
210 627
595 589
338 686
828 659
172 325
165 426
860 894
960 633
10 161
246 222
38 870
983 849
140 824
439 663
721 765
489 283
744 437
872 82
123 701
741 647
378 259
74 591
505 386
224 515
547 823
89 937
693 72
138 833
248 929
848 322
694 337
605 438
774 830
873 249
883 966
897 261
225 971
852 730
357 429
597 256
252 687
545 297
111 684
130 360
613 330
34 308
667 639
98 794
469 971
395 704
290 644
966 515
967 170
598 676
951 547
932 555
234 478
852 346
162 334
58 775
664 92
435 684
83 886
830 905
857 225
609 147
222 927
15 189
450 965
866 401
512 150
957 99
980 161
445 142
496 855
270 160
299 57
844 382
943 26
287 153
252 249
652 826
176 19
15 626
336 233
380 849
384 689
300 364
850 97
859 698
952 481
211 251
890 407
985 834
434 273
339 38
522 991
864 50
363 879
29 699
465 761
900 849
450 200
565 652
297 424
703 601
257 914
852 148
321 838
334 755
463 673
793 337
16 657
739 379
889 768
79 354
529 979
555 331
180 120
336 829
897 39
431 506
953 635
654 274
825 988
30 288
13 175
977 30
833 717
409 74
837 488
780 719
820 335
50 352
807 738
181 56
777 964
563 730
600 217
357 425
558 387
66 571
562 395
601 747
464 363
173 302
203 953
373 23
640 775
375 800
514 909
856 643
873 419
726 825
989 83
251 899
822 669
822 736
416 776
484 881
139 9
535 342
963 908
718 955
35 445
755 549
354 612
193 580
383 919
405 724
354 8
975 176
29 798
912 446
574 748
327 65
758 214
759 73
122 477
28 509
923 784
59 277
748 604
209 483
875 615
208 229
975 535
405 5
333 669
803 259
418 482
324 176
696 84
249 170
561 629
679 836
413 90
466 513
694 675
997 569
642 557
150 618
92 907
975 778
577 778
37 347
260 714
875 956
150 476
478 711
105 157
900 871
248 366
384 294
41 733
216 684
642 366
302 735
274 629
865 203
407 902
902 19
968 777
327 118
253 805
182 710
962 82
581 562
448 318
857 841
403 73
525 46
791 179
133 417
808 998
620 567
252 522
586 221
651 913
339 256
70 873
967 33
955 900
947 403
570 156
245 326
229 122
372 373
302 857
790 462
207 763
382 811
285 968
32 289
234 724
545 304
597 864
689 905
117 989
660 687
145 905
13 727
380 737
100 34
594 890
496 153
653 230
965 291
199 997
932 785
73 477
441 23
694 131
928 811
120 588
498 617
846 864
344 578
601 444
612 548
687 460
701 692
691 666
335 242
16 267
379 441
745 820
816 439
951 96
602 423
685 100
41 883
316 737
813 270
182 425
170 221
237 223
265 928
242 601
522 258
868 901
51 965
722 868
756 25
964 358
449 1
811 842
236 127
579 49
749 113
826 919
686 64
143 952
992 385
553 867
995 421
768 398
739 490
618 847
516 935
206 317
936 369
159 525
848 90
926 598
204 753
869 890
817 12
194 161
749 747
28 96
521 797
495 260
639 113
107 507
48 665
824 337
34 335
214 235
778 140
833 334
893 54
224 62
67 419
224 168
518 604
265 39
401 112
651 393
577 111
900 626
776 77
315 163
412 529
398 542
21 583
876 915
637 453
329 56
224 553
577 742
158 194
782 911
306 785
656 883
896 557
861 25
634 528
540 398
409 290
293 431
873 169
698 862
622 27
271 846
933 848
589 443
394 723
354 700
508 11
935 757
920 149
782 906
677 322
656 87
964 949
870 837
119 568
51 741
947 322
588 880
522 529
323 916
252 30
968 112
393 904
869 313
53 3
571 82
677 227
169 641
529 39
830 648
959 882
741 907
556 681
787 431
210 463
699 814
493 668
927 886
924 148
551 329
152 474
411 181
701 581
823 582
972 5
582 932
887 324
191 796
357 978
579 568
441 278
734 286
946 661
524 222
162 427
551 666
901 963
847 955
896 22
537 868
28 120
152 267
796 343
415 153
674 994
73 467
273 808
754 571
821 630
794 983
58 345
649 959
660 497
266 556
871 804
777 899
276 929
167 424
625 582
577 299
577 3
766 202
811 872
773 632
503 919
968 913
265 617
224 925
466 491
834 338
295 611
237 923
892 756
347 517
691 276
168 620
279 287
822 442
159 947
427 14
867 747
279 484
364 504
761 183
995 595
521 642
558 110
565 451
219 264
968 262
892 137
882 524
424 56
318 935
3 745
302 222
492 581
58 209
85 172
744 432
767 265
74 678
727 991
129 298
607 449
560 500
586 442
24 362
850 342
650 854
440 952
428 284
885 487
845 323
659 589
755 778
206 182
808 934
525 937
584 133
387 145
633 325
939 9
688 790
351 690
996 143
994 776
428 879
615 625
202 626
215 310
405 421
492 565
707 17
503 292
502 890
789 135
567 80
496 607
870 200
297 218
343 291
995 123
171 610
749 725
237 316
387 994
737 231
559 797
249 62
441 103
304 230
591 224
310 87
831 533
287 129
103 983
772 98
458 943
709 559
21 298
875 408
292 613
640 203
410 241
618 203
696 274
433 287
498 95
375 330
980 14
459 84
349 231
182 808
527 243
719 900
541 595
660 185
560 652
389 322
245 359
525 942
633 958
229 132
405 956
462 386
323 273
470 24
504 4
184 383
248 904
283 141
499 296
679 411
948 420
733 194
779 258
488 412
568 717
544 973
26 6
711 701
631 181
725 136
538 910
871 786
814 507
927 665
803 606
76 751
26 809
297 157
419 785
570 987
855 466
312 881
825 376
582 456
909 659
944 447
569 816
233 735
323 513
400 126
471 828
229 850
989 527
7 408
664 929
747 519
396 412
752 221
788 686
677 697
346 622
145 267
790 730
3 113
595 755
591 67
584 820
269 573
699 276
334 364
558 81
235 954
493 340
527 633
26 204
331 724
178 828
992 968
910 347
433 506
454 24
925 38
197 194
964 896
822 650
612 380
731 200
334 577
540 861
210 918
418 893
643 948
73 987
917 984
334 702
842 140
727 767
531 276
961 495
172 783
145 137
516 228
689 202
157 229
64 368
147 834
613 142
782 39
129 51
375 815
754 217
956 833
984 487
109 297
334 633
432 831
122 948
59 811
151 569
392 567
937 892
753 902
34 535
941 164
939 316
331 45
885 287
230 869
126 339
518 460
324 951
643 447
251 55
610 402
624 3
321 913
895 74
815 281
610 109
797 901
777 129
946 663
768 528
884 247
867 403
59 543
706 703
342 957
758 953
712 382
308 33
295 555
108 462
836 70
923 986
971 701
115 269
716 235
797 600
482 16
355 542
559 61
597 902
371 355
207 83
89 515
116 736
422 576
550 258
646 474
244 969
527 711
238 243
299 387
843 133
755 551
675 667
964 624
921 335
331 128
770 420
995 887
508 417
463 59
27 462
885 624
431 412
687 22
655 986
409 850
120 517
401 147
184 718
772 105
53 103
585 824
876 580
63 736
349 878
795 376
340 32
352 124
444 40
146 99
26 907
302 498
424 55
998 608
773 770
65 827
225 650
3 453
230 418
542 579
648 689
308 341
722 12
465 166
52 611
618 431
870 920
281 295
327 279
255 101
401 321
928 979
971 283
432 554
53 326
485 701
16 793
42 738
158 507
904 210
470 874
993 693
146 275
988 474
906 595
575 308
916 855
287 240
490 71
794 543
398 279
244 414
425 287
152 583
146 408
145 969
635 139
662 133
766 2
607 672
597 534
332 866
741 971
106 231
43 252
774 793
531 371
559 308
10 711
891 508
471 389
477 458
880 491
592 998
845 551
670 795
86 355
661 827
326 119
411 369
371 537
514 254
908 73
915 270
136 158
779 960
547 608
418 427
452 10
425 297
914 448
92 0
155 105
179 481
576 590
203 299
480 717
554 740
791 821
11 279
979 142
239 527
102 658
306 554
20 84
204 934
532 648
286 687
754 466
520 330
408 723
982 888
793 888
629 936
709 992
215 688
134 455
215 588
465 874
495 485
958 51
772 842
699 58
881 805
876 401
488 285
477 470
525 270
358 506
206 67
498 421
755 984
228 323
925 693
549 420
179 507
471 951
349 522
361 582
328 238
983 816
875 812
638 752
82 996
259 640
415 109
62 170
446 290
845 371
984 394
143 515
253 966
818 954
488 179
536 168
769 872
336 644
684 974
397 119
322 8
759 737
117 173
260 915
816 457
638 800
204 781
667 457
99 485
764 940
16 652
108 786
524 445
430 561
771 179
680 94
539 791
183 657
965 443
924 781
901 563
933 105
696 952
914 796
437 678
736 453
331 196
591 207
993 374
768 765
553 800
211 93
944 394
102 261
838 378
42 91
941 327
196 990
279 462
138 68
493 874
873 824
422 465
383 416
839 504
181 744
656 392
189 600
138 291
861 976
670 255
67 963
582 615
953 213
430 91
281 923
317 507
99 740
972 482
508 163
986 41
907 643
433 97
595 923
740 457
900 762
64 319
78 647
287 383
212 69
827 846
992 144
353 91
236 325
925 96
840 912
137 747
907 922
196 854
846 937
311 98
699 376
769 129
375 408
513 939
477 340
785 469
484 138
912 73
815 190
169 655
102 307
403 361
229 951
215 427
888 879
525 940
607 295
69 334
703 934
273 181
274 59
2 111
549 267
184 365
457 705
20 911
364 775
624 946
79 191
373 967
70 899
259 29
546 681
363 249
615 989
782 890
48 137
1 949
756 537
314 213
594 687
476 311
814 100
257 893
291 982
213 714
881 824
743 779
505 459
381 473
448 515
715 848
652 68
797 760
605 464
325 551
151 801
862 317
253 471
211 897
454 424
611 687
248 706
467 106
165 848
579 965
363 646
813 368
714 963
128 671
427 454
222 930
607 437
247 861
908 810
758 362
234 721
50 835
427 869
293 945
717 224
910 432
870 76
152 584
391 633
255 170
439 829
100 398
266 699
259 175
510 369
889 96
90 939
283 870
160 576
815 229
800 77
14 22
505 166
606 248
151 213
418 942
43 870
341 661
922 952
188 432
322 78
880 764
369 164
986 530
92 153
759 893
231 125
915 88
292 874
337 795
439 107
738 482
978 431
496 900
383 36
684 57
114 564
174 836
80 160
718 173
314 829
66 897
955 333
985 599
559 674
746 999
782 484
833 112
267 329
364 3
366 48
412 832
964 586
20 45
99 738
218 413
920 284
662 875
969 647
826 529
674 572
880 808
409 713
920 676
395 284
31 113
684 444
297 648
30 318
693 129
408 911
894 328
547 556
555 869
556 381
750 230
306 630
38 715
695 310
743 442
946 775
555 630
219 853
630 601
523 324
731 931
587 625
612 487
534 167
708 90
901 458
320 559
440 710
626 487
372 369
930 318
496 485
300 715
690 930
669 565
606 400
497 546
377 461
33 263
980 741
353 233
551 25
792 343
735 418
830 107
140 760
777 636
598 77
704 288
8 373
854 966
125 703
512 854
164 897
118 144
638 471
730 541
497 522
884 584
293 715
692 433
827 469
69 425
899 773
66 907
498 272
873 623
975 738
478 491
635 596
987 626
419 717
167 916
592 404
501 885
471 545
318 298
366 739
724 265
513 142
524 363
414 750
987 741
488 817
584 123
413 571
749 832
641 269
101 585
673 954
470 144
499 140
794 217
879 518
835 744
12 711
108 426
461 95
519 301
912 103
425 677
27 526
509 668
795 962
253 820
916 75
964 767
215 759
337 94
629 172
839 994
883 947
420 697
394 940
998 306
43 775
335 422
654 196
90 801
159 695
622 75
770 938
195 337
49 532
432 31
704 623
25 939
922 445
988 316
737 987
974 133
114 309
555 768
505 998
570 664
45 544
92 816
482 639
505 532
171 289
563 227
912 588
166 834
385 155
502 475
494 476
608 960
137 515
729 643
513 651
659 559
195 103
727 29
742 584
561 913
874 476
140 138
416 659
973 154
166 827
629 12
304 589
972 441
456 53
436 322
56 96
233 603
551 312
633 294
896 546
559 770
23 52
909 791
711 234
945 229
61 926
241 717
867 565
511 324
971 947
646 27
395 231
983 947
543 616
241 439
162 152
562 537
204 823
681 267
409 978
496 822
905 89
540 124
7 51
800 978
350 798
357 746
29 340
45 572
956 638
364 471
790 926
360 995
101 41
262 510
20 111
332 277
200 224
401 207
627 202
537 978
0 895
724 382
235 121
954 544
759 318
367 549
596 727
544 697
769 159
559 141
270 244
418 822
468 171
382 96
725 919
426 726
814 502
460 402
623 414
298 382
85 665
931 681
744 828
731 513
339 642
654 609
886 424
783 707
596 165
803 321
437 229
399 251
731 859
5 706
626 655
88 711
672 19
744 417
199 827
282 538
470 937
499 708
713 283
415 661
800 570
335 237
151 86
841 234
298 846
940 924
854 28
987 526
400 731
943 599
911 226
490 733
515 989
441 580
624 857
242 425
779 577
662 931
663 503
165 961
702 106
237 908
486 224
434 886
308 730
838 571
956 680
304 823
669 745
403 646
954 997
71 734
574 85
17 590
941 182
903 995
640 141
903 127
717 689
365 377
419 555
948 727
235 252
550 257
350 306
903 304
303 974
390 230
411 407
172 352
942 75
347 582
568 250
61 638
292 427
15 711
982 964
439 218
568 341
475 918
999 730
575 655
704 965
885 467
725 409
820 667
484 519
249 405
770 311
395 414
738 410
125 72
726 916
642 647
258 469
565 609
199 140
264 255
458 501
723 183
910 895
850 747
414 99
504 536
762 899
950 852
661 76
925 388
992 919
35 602
389 952
212 940
445 828
196 903
330 271
86 240
166 936
339 580
35 843
117 150
742 67
2 404
495 927
144 488
199 531
442 588
483 6
528 928
835 76
831 517
699 917
109 865
205 449
798 593
292 915
743 35
334 745
791 830
25 935
670 224
466 112
164 301
119 44
582 306
121 765
823 820
35 932
38 240
733 836
833 26
103 576
413 437
322 204
267 699
491 937
923 309
402 87
610 873
131 544
179 604
310 354
777 345
638 815
937 372
3 771
398 106
699 811
543 373
367 811
72 858
100 995
519 502
434 481
375 566
26 906
522 688
260 299
385 251
114 322
623 117
93 21
575 145
184 119
518 903
282 591
113 734
586 632
237 21
113 964
939 139
223 461
179 835
761 564
86 227
887 709
697 332
82 272
477 266
743 996
521 25
587 634
760 525
266 349
898 380
665 189
871 888
3 51
724 764
967 162
343 854
872 392
539 306
665 368
573 408
364 94
786 303
81 546
181 347
247 431
79 912
621 951
153 624
354 229
740 673
391 435
880 615
828 419
922 845
787 847
605 504
293 391
159 374
289 692
722 888
124 801
801 745
104 954
721 810
183 813
484 574
248 364
542 428
135 464
273 274
311 231
778 604
974 290
979 616
982 53
504 458
206 305
555 311
611 276
473 794
89 309
721 690
673 263
118 160
79 744
435 390
975 565
346 301
855 677
917 190
730 422
648 289
79 204
952 691
832 425
837 274
735 558
964 760
173 434
921 252
178 356
994 505
273 341
807 129
18 76
671 101
498 671
390 578
875 342
621 708
119 458
334 854
369 298
615 894
732 888
147 263
244 493
834 927
998 205
4 21
658 854
693 400
784 920
94 757
980 213
216 314
420 937
612 35
831 697
275 330
312 519
824 432
388 10
712 739
567 68
760 577
922 805
977 59
726 71
816 706
285 384
21 57
321 985
92 505
34 719
835 698
590 11
483 978
374 195
69 941
263 182
519 537
987 496
948 65
920 765
124 557
149 145
614 471
482 58
328 869
777 163
919 367
527 402
697 901
597 767
194 212
301 713
102 640
562 50
706 834
167 830
391 317
327 357
140 161
415 468
382 544
983 302
911 510
704 960
763 654
727 958
218 380
23 672
21 585
723 727
419 890
909 162
559 236
519 699
397 286
519 132
830 503
434 741
365 490
702 481
144 781
439 715
162 462
387 535
400 462
262 819
353 171
334 264
759 853
964 508
140 835
640 970
338 74
64 56
565 118
537 61
899 328
776 413
790 516
948 190
978 562
362 331
85 48
596 196
253 912
705 393
747 345
716 438
772 132
846 689
250 735
102 501
63 879
267 205
395 567
396 725
130 110
57 567
510 5
764 763
269 469
509 368
166 225
158 290
709 4
979 311
739 434
812 154
313 431
360 60
999 108
785 129
570 194
696 80
551 460
843 172
281 352
541 448
929 51
90 638
56 422
301 147
856 114
654 169
545 14
581 896
122 718
25 692
265 74
124 168
886 967
341 168
672 234
968 601
285 58
592 693
480 893
193 688
359 847
209 257
213 790
153 335
861 531
379 126
605 503
646 843
822 987
11 494
573 331
96 211
742 40
904 574
933 449
263 645
648 472
902 861
615 407
548 476
938 927
954 895
782 600
739 605
940 750
99 513
434 547
724 176
587 981
750 873
782 13
518 431
838 772
292 453
179 193
929 118
120 235
13 255
835 104
212 127
207 311
993 641
211 717
817 150
50 919
23 185
285 893
616 123
665 260
576 197
453 857
667 926
92 32
533 279
137 745
407 344
408 400
985 619
469 154
770 872
425 145
57 710
39 673
833 56
285 761
605 91
618 272
369 710
305 902
990 794
647 749
138 407
149 475
27 618
981 149
490 406
294 899
117 685
924 302
94 210
64 699
653 682
972 22
745 629
924 87
423 923
836 913
682 985
740 709
955 721
858 798
127 505
697 596
190 622
251 636
184 315
336 837
349 660
859 446
641 135
533 416
410 369
329 92
706 69
154 662
790 12
812 269
869 509
218 412
483 469
48 667
136 384
504 837
396 715
284 37
850 817
453 612
539 134
705 245
203 859
259 345
223 71
967 445
581 185
857 416
654 905
84 142
642 588
979 38
656 263
76 506
433 881
119 972
16 176
569 219
387 829
917 962
900 884
407 833
69 264
250 75
522 686
217 164
626 196
202 282
812 630
141 245
512 260
569 528
788 138
99 527
319 368
489 572
252 897
757 673
513 359
100 387
45 669
551 672
218 106
954 30
88 95
627 952
707 548
480 847
38 932
374 358
300 864
930 905
113 687
578 978
399 31
366 444
700 269
468 918
727 775
948 816
768 930
475 601
129 514
533 504
224 185
720 506
90 185
545 21
515 944
52 233
389 752
503 857
671 582
632 971
398 855
251 519
137 726
120 618
592 5
474 816
542 546
674 633
83 220
6 599
164 58
832 905
162 687
115 185
270 99
509 20
306 760
539 795
838 11
414 431
368 888
599 911
435 274
896 870
846 254
469 10
664 654
916 826
341 383
364 963
482 873
984 789
633 875
584 823
239 998
254 607
239 206
870 26
832 118
896 678
372 366
40 36
20 308
215 713
691 579
29 174
804 13
963 789
240 547
612 479
898 219
87 137
777 309
515 609
428 411
639 152
129 679
541 501
988 756
215 679
687 244
853 843
609 168
632 849
68 596
329 966
815 768
455 944
429 322
553 857
733 192
362 863
872 903
364 212
11 931
891 50
527 97
893 136
265 877
338 685
473 19
3 641
139 810
585 568
132 491
778 866
683 140
729 907
43 445
119 406
377 363
456 256
460 701
393 77
578 83
763 403
454 118
44 593
929 982
513 61
473 291
927 508
783 8
768 178
454 239
584 183
602 40
439 414
741 184
844 671
619 959
75 73
77 471
18 6
805 884
68 278
175 347
139 959
708 907
137 514
146 74
697 101
466 488
515 560
25 711
231 644
670 658
70 748
482 440
106 287
324 526
566 500
874 705
811 582
964 300
96 110
374 145
211 841
985 79
753 10
790 984
7 813
995 77
913 477
517 19
764 842
546 330
694 420
387 857
354 351
157 802
814 884
947 377
77 932
808 830
943 951
166 950
764 161
379 677
638 896
696 403
90 594
85 784
14 825
641 720
528 151
522 342
387 469
72 816
754 880
646 49
831 164
351 947
326 730
624 316
978 673
719 69
267 157
205 634
982 199
706 862
350 229
205 89
50 629
905 156
861 903
205 45
67 556
992 745
638 969
62 617
994 133
38 261
290 595
247 624
794 954
487 496
535 44
25 842
94 886
745 299
931 813
208 276
910 846
245 972
815 239
106 205
852 748
801 100
725 947
406 564
444 293
960 381
230 337
224 324
223 321
624 507
486 184
783 397
382 28
369 198
619 827
755 471
928 908
923 5
856 681
921 652
974 881
33 205
570 609
529 793
283 505
300 769
41 435
166 424
463 888
622 82
67 729
906 347
638 829
352 494
863 273
146 837
506 531
394 76
493 276
222 776
133 874
897 175
310 416
599 125
304 573
560 723
302 466
71 940
647 423
434 510
49 932
700 907
816 94
336 309
370 558
437 504
432 334
679 742
750 630
868 406
203 780
130 505
246 201
446 245
976 232
756 377
517 808
285 333
902 621
994 625
531 431
481 315
765 512
58 516
142 278
274 345
410 404
850 656
957 648
901 934
233 9
663 102
817 300
435 72
273 781
697 804
212 530
120 329
42 530
845 536
160 120
881 570
876 83
578 834
84 479
120 317
841 783
771 658
84 206
82 357
987 131
514 551
661 634
880 55
516 78
591 676
550 824
598 426
260 176
260 344
7 732
13 848
516 784
859 600
342 293
309 681
425 823
232 438
809 112
494 325
190 437
353 740
262 303
519 522
479 131
218 839
864 231
687 380
367 898
332 709
192 993
390 969
169 974
407 978
86 901
656 629
339 361
721 953
665 240
827 496
724 45
335 588
628 375
320 995
625 4
56 169
349 798
138 518
772 546
849 858
799 857
839 490
218 561
443 235
153 622
84 877
19 419
817 647
146 489
994 772
845 50
293 195
848 432
65 620
330 914
831 129
771 670
620 342
231 415
929 737
38 13
966 57
785 784
57 931
625 51
55 471
454 349
666 302
133 731
275 463
998 106
592 121
128 564
463 712
980 745
449 370
758 415
779 895
551 188
179 177
240 234
0 46
935 666
348 68
749 975
531 99
433 476
221 562
274 372
781 75
94 892
842 874
139 394
62 318
923 654
905 923
700 840
941 401
261 690
728 144
142 162
972 363
76 13
399 350
737 533
777 832
777 619
706 916
365 120
235 288
127 140
563 827
332 504
580 945
547 309
442 689
471 414
52 899
427 803
249 165
688 378
997 465
349 55
734 715
527 321
355 654
461 919
834 145
423 414
443 322
75 885
11 898
299 415
797 79
571 398
596 259
776 945
77 126
0 163
193 879
484 900
534 945
819 368
442 595
134 885
269 210
770 281
108 70
48 258
501 619
656 97
231 785
42 308
263 42
471 456
921 955
356 807
252 528
527 46
475 662
932 744
224 54
377 332
476 426
942 977
45 599
74 276
384 468
936 647
862 759
455 784
66 163
943 670
43 471
717 518
133 1
615 357
55 992
41 884
418 336
213 816
935 640
444 671
108 381
318 971
492 125
107 559
288 50
229 684
521 298
202 6
299 169
715 707
162 109
591 932
445 156
748 380
796 545
403 905
926 73
876 770
198 983
329 838
385 911
522 259
209 77
265 861
246 333
568 760
442 511
693 887
667 793
619 816
338 22
721 616
447 949
387 645
932 68
835 669
979 710
928 541
787 194
402 385
527 322
146 321
833 191
560 852
336 179
668 675
553 389
291 0
338 30
997 622
99 184
292 430
894 220
971 33
766 725
419 645
47 917
966 232
460 526
85 796
57 753
471 610
495 115
962 185
497 311
160 596
496 804
379 390
376 702
424 143
428 195
140 827
464 107
60 924
985 145
720 43
250 192
5 97
659 320
283 156
631 795
105 479
599 484
222 327
186 998
822 966
193 963
794 657
422 854
933 407
999 653
802 601
197 808
699 856
128 334
13 111
129 470
591 80
954 813
407 492
811 230
459 356
545 605
365 967
459 298
374 810
303 177
411 501
337 462
357 817
796 722
928 277
192 871
357 498
36 117
343 199
699 802
907 244
759 272
563 218
922 937
380 226
466 143
727 155
606 436
972 754
511 253
32 55
476 741
554 865
210 897
64 909
51 324
505 162
948 68
732 871
358 112
449 176
607 528
332 565
964 304
320 827
909 704
883 386
445 789
603 656
686 667
917 89
343 423
251 292
491 335
515 849
447 964
26 406
492 710
972 808
366 292
636 276
348 519
14 145
308 617
801 346
636 71
787 980
494 390
624 337
725 139
539 524
103 917
930 947
627 902
107 993
546 743
269 894
614 635
40 274
252 193
972 889
264 759
221 110
501 845
448 226
984 339
750 439
256 33
738 883
935 845
228 834
941 850
728 907
485 120
182 738
666 154
979 282
266 552
393 767
397 193
346 733
532 96
524 140
481 614
375 417
459 603
603 752
453 683
660 291
804 194
29 470
700 360
104 966
912 497
86 661
42 432
746 926
880 270
66 362
884 441
131 695
397 734
800 202
417 812
493 573
6 874
395 706
234 500
25 498
349 463
511 392
895 257
318 775
879 737
489 115
530 620
811 927
706 963
482 124
775 975
49 781
850 445
839 84
945 216
935 294
679 446
38 574
56 709
702 935
798 543
51 328
516 214
608 222
177 90
698 952
65 748
85 915
545 276
352 490
493 639
136 524
437 527
451 493
236 153
429 34
48 832
714 564
46 322
787 575
764 837
879 182
937 964
97 482
240 801
324 85
440 813
610 230
340 61
723 928
566 504
314 614
336 380
531 734
703 670
309 819
507 540
1 445
504 451
279 97
252 604
534 45
769 144
275 461
557 350
389 475
855 55
442 191
435 973
278 490
643 939
310 502
480 663
299 336
114 579
433 719
535 320
764 304
816 391
765 374
93 506
201 948
561 643
492 348
616 770
839 611
61 501
114 541
164 413
230 279
344 15
998 879
335 114
535 152
857 300
878 950
158 79
899 719
75 743
420 43
865 259
655 926
760 121
820 924
534 50
203 231
417 553
110 753
667 646
905 524
298 135
827 457
214 78
528 641
821 948
685 38
207 692
964 319
813 136
244 699
538 799
930 956
353 41
709 20
39 966
897 337
101 76
146 667
154 675
309 975
975 346
13 183
38 329
854 203
818 98
902 708
250 185
664 603
578 725
975 617
43 224
306 496
300 453
516 454
480 177
781 455
523 146
990 913
828 845
116 646
295 370
706 545
555 371
148 133
448 124
102 844
348 761
340 1
566 856
455 46
33 237
853 908
383 844
821 211
689 937
209 336
308 916
882 215
639 30
701 439
506 803
283 207
916 624
208 482
832 15
880 218
252 734
126 988
578 948
551 619
885 761
955 545
29 837
761 668
220 462
107 78
617 743
637 534
719 197
16 551
213 249
769 465
983 896
805 561
844 357
532 81
118 487
627 499
677 388
167 249
850 626
327 467
369 317
353 88
514 722
992 727
971 761
545 954
9 350
867 205
707 399
287 177
238 914
676 915
654 195
516 504
174 196
323 895
513 677
984 27
399 328
107 370
441 652
324 451
354 191
8 414
942 295
943 180
561 620
96 215
167 612
71 341
808 395
237 673
424 573
701 823
253 160
193 694
812 869
497 518
412 506
932 354
153 876
534 67
848 982
634 367
947 58
61 107
453 650
781 229
575 834
52 828
994 597
522 158
818 372
28 230
230 961
936 735
189 470
802 389
453 789
756 752
847 169
859 652
819 640
881 394
826 933
222 172
882 97
682 700
821 711
282 51
24 218
138 213
688 293
954 493
82 710
245 281
232 457
933 51
449 814
446 276
99 20
800 333
469 483
385 290
194 667
693 218
885 832
783 925
125 737
419 559
799 16
840 31
825 773
83 275
939 881
903 390
253 703
75 723
186 460
365 380
127 59
950 364
891 733
289 368
822 60
927 622
429 767
5 254
892 440
529 183
673 432
925 927
136 0
2 322
460 367
55 939
426 5
303 669
91 592
37 265
5 316
239 434
83 245
688 327
37 218
510 711
650 435
638 138
787 640
461 599
359 868
538 786
225 193
807 316
786 845
934 791
513 173
225 597
418 265
276 808
483 139
519 486
926 509
624 714
501 85
313 860
305 204
998 531
397 806
199 535
3 133
678 516
307 903
465 77
521 742
237 4
881 756
490 159
265 115
873 766
552 539
979 210
743 977
741 492
135 940
28 138
426 706
655 85
962 120
514 483
214 752
839 447
508 330
607 126
797 832
244 701
371 223
911 466
553 652
959 688
945 339
827 723
397 834
808 359
306 322
194 521
426 34
968 935
716 927
413 513
760 657
566 483
233 478
950 786
482 261
826 779
600 653
502 349
839 662
709 146
337 255
19 763
289 987
698 5
267 463
870 27
121 789
510 706
619 812
492 453
73 670
233 25
676 87
375 515
750 436
661 87
691 680
202 333
20 901
690 287
364 913
666 837
702 528
543 673
341 387
126 766
58 711
144 734
799 871
249 901
659 263
340 350
295 542
35 315
795 726
954 512
639 972
349 693
853 245
366 546
632 492
664 42
556 808
128 355
31 378
608 690
993 948
393 288
842 428
506 262
150 497
587 851
190 440
448 908
986 433
753 650
475 309
811 604
16 842
334 624
885 327
924 630
967 766
410 275
756 917
538 258
766 477
110 309
917 558
217 255
343 322
905 819
983 68
423 999
263 109
975 500
788 251
130 755
370 540
383 126
809 273
385 576
750 847
885 667
757 102
274 101
777 179
920 760
600 695
760 863
156 87
363 944
339 845
51 709
385 434
187 547
707 572
123 457
771 8
476 529
462 750
982 591
282 254
352 234
301 464
449 457
551 164
401 242
9 804
303 746
239 491
293 298
415 768
108 187
128 584
68 943
687 50
534 321
304 886
555 605
702 4
414 606
168 815
848 529
971 152
275 210
995 921
861 410
689 969
949 818
905 17
761 592
419 295
265 723
534 820
680 236
176 94
842 344
261 691
873 233
195 501
795 542
422 656
304 111
977 254
929 883
271 42
827 43
338 93
766 224
913 799
460 442
245 303
786 507
346 12
92 893
865 239
435 287
248 739
398 225
345 680
108 969
74 936
12 412
381 130
636 294
929 449
88 175
752 227
34 450
239 478
695 104
69 130
743 317
221 493
895 919
173 355
888 248
643 900
12 24
30 1
671 312
802 759
839 906
986 873
356 577
703 51
681 772
533 424
442 106
270 337
25 443
692 265
43 336
517 408
360 900
761 31
212 563
143 51
469 129
276 825
707 979
228 740
103 113
517 545
219 787
882 597
230 927
214 626
263 732
34 975
632 795
359 196
710 502
599 179
631 875
4 338
206 584
79 309
855 268
