835 880
47 770
528 962
427 471
748 944
539 991
239 841
89 571
307 756
485 498
247 527
67 586
21 664
594 738
498 944
268 334
176 316
456 490
196 279
141 917
27 909
267 680
603 750
356 858
206 910
344 510
85 763
96 106
427 690
278 844
465 986
162 612
133 420
329 652
570 700
470 727
503 831
933 994
106 703
369 791
261 487
347 879
327 603
382 805
369 650
356 660
467 624
600 870
45 875
745 929
752 797
628 824
171 255
713 913
704 874
82 487
313 544
147 834
640 992
362 529
190 642
70 461
166 292
61 211
167 342
308 964
94 485
701 944
656 857
415 882
849 914
369 458
515 556
507 605
486 548
221 542
28 291
3 195
64 936
103 758
419 758
205 420
364 904
906 912
574 673
146 488
515 875
390 946
423 903
249 971
741 823
513 770
466 516
317 402
75 932
43 506
278 846
102 248
506 642
14 568
160 532
56 407
28 354
149 803
398 609
351 775
573 640
40 473
509 790
442 793
300 865
64 836
436 578
166 221
181 943
141 475
198 693
73 234
383 904
514 877
4 133
217 707
690 996
747 857
480 541
651 697
839 842
420 761
276 928
219 993
135 461
46 506
280 685
580 589
15 809
148 455
165 672
513 855
362 954
194 371
22 496
338 892
5 861
110 489
104 933
60 746
106 591
253 276
185 738
217 753
673 994
254 511
109 697
24 60
395 416
606 912
769 850
602 983
712 856
141 472
168 533
759 888
493 639
387 730
605 678
24 835
89 630
327 535
199 911
615 739
307 346
428 879
196 481
404 411
193 884
362 546
417 434
408 473
861 927
138 957
818 974
800 981
415 516
127 966
219 779
86 933
812 917
465 515
278 293
839 870
162 416
553 579
26 202
340 481
239 478
409 438
419 804
209 220
287 689
66 538
472 908
177 505
284 372
642 930
512 650
769 813
280 674
482 744
52 84
644 963
401 915
53 71
172 615
459 643
182 656
878 916
383 654
93 290
735 755
220 757
341 600
880 922
15 667
363 420
103 678
18 64
80 469
90 252
436 733
64 92
267 942
8 921
101 325
212 432
189 784
541 789
126 464
21 493
131 384
234 913
63 329
495 605
695 799
99 235
163 780
48 680
105 688
321 782
142 885
566 683
108 670
796 824
572 845
641 703
230 555
289 645
236 894
35 492
591 941
74 623
303 755
212 474
343 795
837 995
561 681
351 520
344 669
241 499
140 190
296 772
47 586
284 769
261 832
126 671
294 852
200 959
674 949
172 293
167 821
482 854
3 728
557 750
56 699
241 991
549 640
365 948
134 578
410 584
256 747
600 888
88 902
559 852
114 731
288 497
250 979
142 331
334 700
81 386
108 424
9 979
64 345
310 642
831 894
405 579
150 293
179 405
90 734
257 848
106 174
136 424
437 631
124 755
683 836
510 791
613 841
153 677
186 463
18 672
357 429
597 860
128 722
265 456
570 874
657 744
145 332
169 769
776 924
245 459
113 755
603 726
108 949
135 755
427 571
280 505
454 856
492 931
757 934
505 739
396 983
249 315
418 894
22 437
682 695
808 834
789 790
739 886
641 897
820 874
421 732
452 629
186 945
121 560
54 652
38 978
227 400
294 705
142 998
45 669
503 825
205 615
91 292
354 541
84 580
361 505
165 664
487 851
110 399
324 517
51 302
452 555
612 881
98 231
755 767
276 932
481 622
547 914
253 924
9 455
168 185
850 866
334 353
53 796
105 729
156 313
31 220
264 960
411 833
848 940
124 178
801 872
771 958
67 882
376 875
243 561
395 462
81 763
167 816
272 878
543 545
429 928
116 741
301 545
152 393
241 331
465 869
484 827
588 903
62 964
305 778
526 877
119 641
287 607
485 809
559 707
381 988
497 987
532 730
798 882
277 391
147 565
208 401
326 796
305 388
435 760
46 989
165 961
569 630
792 804
364 406
139 851
704 838
434 636
723 786
352 669
529 586
499 737
178 340
533 997
566 645
432 964
635 746
482 617
286 667
409 425
260 650
355 565
201 451
141 174
162 340
526 869
101 378
441 607
140 556
438 474
222 786
439 773
273 320
390 987
559 800
413 562
412 978
863 917
410 531
389 871
916 925
26 93
646 700
554 819
192 609
28 330
819 831
103 152
92 494
4 491
646 904
410 566
234 835
274 766
597 663
522 989
82 931
900 929
134 719
327 483
328 864
9 512
113 683
128 664
155 959
132 957
50 412
367 646
237 641
764 834
106 657
709 940
540 609
222 675
681 705
354 361
363 569
605 873
476 889
733 787
217 397
161 744
464 619
807 856
457 924
42 114
30 103
407 570
65 629
597 746
686 951
107 608
315 333
143 213
222 298
283 971
27 867
132 486
292 491
694 949
88 568
415 950
174 192
257 872
155 470
194 355
421 814
88 802
147 367
232 722
515 665
532 693
178 894
370 738
416 470
38 39
806 856
400 988
333 860
9 488
364 682
456 682
179 836
544 678
128 203
220 400
446 643
104 890
624 826
446 628
19 242
451 836
176 825
158 851
213 388
71 999
33 577
108 527
71 870
139 425
539 552
195 646
337 750
313 437
417 577
171 759
436 947
614 622
123 826
124 512
39 475
935 968
462 509
429 731
568 885
156 437
459 802
797 985
422 905
110 482
192 222
628 653
169 628
594 645
719 806
157 845
92 194
55 165
594 906
143 786
295 514
581 974
449 918
123 354
340 585
188 532
194 807
329 513
107 822
326 628
178 483
725 825
342 927
185 780
919 937
328 803
214 909
663 777
827 900
370 520
486 558
404 645
269 752
326 926
652 729
259 554
487 731
766 984
74 117
363 951
36 280
166 602
296 541
265 721
548 635
386 593
349 546
298 384
619 710
225 700
131 715
554 959
215 296
289 321
413 624
4 801
256 522
403 798
170 668
719 871
464 656
105 202
489 813
784 852
429 552
619 836
148 561
525 776
198 444
209 417
773 823
10 79
413 647
229 818
100 433
89 537
642 916
82 643
484 848
218 388
55 277
7 838
203 532
966 999
731 735
208 906
218 508
156 985
567 983
416 974
19 863
858 936
853 857
18 341
236 701
729 979
88 643
169 198
136 621
197 704
223 757
84 610
947 975
310 592
566 866
727 886
781 937
638 822
192 790
492 980
61 780
424 471
150 992
123 622
172 480
179 704
141 929
257 788
88 380
307 567
298 646
193 431
367 583
69 374
401 559
218 339
463 689
115 965
33 90
440 514
262 619
191 218
358 760
200 800
90 368
507 740
52 366
171 950
240 419
330 676
642 894
22 457
489 935
774 968
566 579
482 841
52 185
297 385
185 762
849 852
709 905
272 592
113 115
222 533
356 898
215 350
144 589
79 159
79 933
47 658
499 882
36 852
589 934
685 697
534 774
32 901
595 846
304 709
878 961
594 669
128 809
19 272
178 399
351 830
398 463
314 488
632 692
567 702
281 387
408 616
274 869
440 869
715 744
29 930
524 622
698 750
686 718
374 437
248 725
64 267
107 475
108 378
81 800
27 433
820 995
94 841
281 864
316 932
246 377
351 961
11 123
101 809
81 827
330 598
552 865
380 746
124 324
476 840
557 867
378 910
751 862
78 824
385 492
10 762
91 323
114 214
335 567
375 768
747 973
98 299
190 196
31 514
321 871
230 991
90 901
304 960
4 785
383 741
629 745
720 856
69 322
286 756
241 661
524 988
975 986
176 640
171 671
691 844
682 895
75 985
387 935
290 291
25 524
154 385
241 770
839 874
161 915
156 947
174 824
145 161
137 799
322 337
380 808
55 167
414 594
41 701
683 981
506 993
708 730
478 660
886 971
238 670
399 969
394 574
793 891
87 944
28 776
189 267
157 434
244 571
28 637
9 273
618 672
732 867
348 527
563 671
414 585
165 909
554 655
91 700
178 547
644 927
911 955
112 468
65 697
35 77
308 702
87 727
278 954
459 978
374 834
600 649
910 959
765 866
857 918
566 817
387 562
342 744
213 474
523 806
278 842
332 601
40 502
411 781
346 871
180 759
597 761
557 780
23 898
423 941
107 341
494 758
855 903
729 837
68 643
253 698
837 854
340 382
794 894
240 473
17 584
614 773
697 905
171 721
803 946
662 910
287 773
405 543
594 628
48 272
237 877
98 427
480 731
767 977
240 274
570 643
176 695
258 874
600 781
595 756
609 728
367 666
423 734
262 362
17 535
607 762
412 860
34 496
341 801
825 967
393 747
569 611
221 442
395 795
2 390
82 151
169 352
86 802
64 593
610 801
563 951
569 716
603 776
212 469
389 756
149 436
399 489
71 283
866 972
327 678
181 609
761 961
351 563
47 296
200 980
283 906
764 828
540 999
431 563
9 188
305 797
689 794
112 549
77 521
108 331
200 940
289 962
253 640
652 877
209 936
195 853
493 617
375 492
509 806
408 870
346 713
19 388
507 568
500 936
183 442
44 642
123 686
604 728
326 834
381 615
43 234
162 536
203 889
64 381
695 789
394 934
854 953
713 782
634 874
316 649
46 818
293 310
732 915
22 410
403 749
144 377
891 989
192 681
414 780
608 828
203 542
222 409
4 847
73 122
123 990
389 808
169 700
102 901
124 967
68 664
41 879
212 868
893 933
65 412
20 659
862 893
115 914
113 623
471 745
187 462
221 928
270 390
628 724
644 947
200 308
15 431
228 701
299 986
63 473
52 133
435 945
347 701
61 971
532 815
68 354
346 641
282 969
32 263
28 693
210 246
226 688
389 677
329 806
631 728
392 780
180 764
464 725
138 881
696 787
207 671
50 369
685 849
233 338
32 948
158 261
301 630
307 736
542 690
636 770
174 381
290 550
276 561
106 442
766 893
491 789
453 893
159 302
497 578
526 535
148 881
37 511
449 773
491 819
668 807
194 262
540 812
453 484
440 943
207 248
739 836
641 996
507 984
915 943
5 830
441 886
830 978
398 779
569 956
623 624
728 885
269 818
49 654
74 842
322 597
401 786
413 749
398 427
257 723
262 313
106 553
500 884
898 937
15 893
638 819
548 869
687 875
169 925
595 693
119 291
520 918
331 429
208 621
81 878
394 931
492 837
853 993
73 142
88 243
63 387
79 256
954 963
295 484
231 988
79 350
349 631
60 222
33 844
114 269
74 552
567 861
389 714
560 814
155 208
255 595
334 570
203 533
288 498
369 872
486 801
470 574
149 502
530 535
151 993
67 650
704 863
445 986
898 929
137 612
54 867
624 732
201 935
510 841
231 785
623 713
32 288
93 535
624 789
422 782
72 127
183 201
287 540
216 981
438 593
353 492
437 460
117 661
724 979
502 509
210 568
133 595
208 578
130 997
202 904
131 682
332 977
616 865
224 846
663 833
186 439
155 251
624 976
700 912
767 955
166 562
47 335
543 761
243 625
180 892
23 147
476 862
79 707
93 932
69 595
102 816
321 792
79 233
34 493
352 407
552 687
454 665
79 582
474 908
259 408
473 849
236 557
329 553
831 841
436 959
776 900
221 890
321 568
413 807
159 356
260 820
199 626
133 926
186 706
317 960
594 809
791 831
344 718
512 559
527 824
779 995
238 600
168 353
160 559
267 934
671 754
222 528
381 806
356 439
316 992
756 939
125 899
770 844
595 634
122 755
458 751
410 902
341 607
579 900
119 513
142 520
48 619
352 365
206 721
198 791
389 900
137 866
259 799
62 395
246 818
56 869
123 921
262 467
46 730
514 849
34 911
530 992
357 434
235 640
26 430
171 191
328 926
37 726
100 940
186 473
270 342
191 242
61 466
196 453
319 459
46 370
354 390
140 253
99 488
133 529
324 866
145 700
89 652
223 944
541 696
130 811
38 725
2 504
138 807
53 598
451 479
185 320
841 925
325 940
413 458
632 821
782 873
777 787
0 314
731 856
214 696
86 667
22 291
429 943
181 996
27 660
348 799
845 992
273 523
39 284
105 981
23 116
330 800
255 644
152 986
200 852
552 872
286 843
246 581
273 427
652 929
440 728
352 637
626 720
160 356
17 494
40 461
143 610
192 865
140 344
203 344
108 896
216 534
462 951
116 576
45 242
581 682
126 933
198 671
832 911
555 928
326 368
288 320
512 864
4 505
60 208
104 348
168 917
472 639
107 379
48 973
504 981
7 630
679 915
181 826
511 736
107 189
456 779
320 829
644 686
676 852
377 746
309 915
294 300
25 739
139 759
263 999
6 121
36 246
427 685
214 548
515 673
89 971
270 453
97 644
672 956
301 703
49 962
695 970
61 614
73 373
72 200
321 989
235 430
468 709
276 662
368 529
810 949
754 852
80 496
37 203
169 857
92 570
62 171
266 786
123 339
511 675
500 763
545 997
58 735
365 749
334 734
278 636
131 544
390 624
946 979
13 500
105 803
423 974
41 519
112 994
670 847
19 124
212 392
77 758
764 961
592 844
388 400
75 790
88 378
891 907
682 835
355 866
330 723
349 455
371 954
79 654
46 390
291 468
156 604
0 232
196 632
271 740
457 774
215 678
187 937
22 106
324 619
694 729
79 655
501 609
155 450
40 193
553 683
661 710
245 640
62 836
155 229
355 460
490 612
570 799
29 779
173 750
353 903
360 796
297 334
784 970
362 804
357 977
398 990
38 419
482 587
226 816
38 637
172 249
94 528
400 659
123 925
409 829
205 828
162 189
511 854
299 658
628 874
16 624
435 971
558 662
240 269
375 906
279 899
159 507
259 345
171 469
185 580
298 365
138 839
344 528
179 351
3 577
371 807
130 201
158 215
689 780
416 455
86 686
546 667
12 598
157 769
342 833
483 701
191 708
323 588
26 536
119 539
603 926
262 804
409 772
98 371
178 552
239 866
533 617
137 215
294 897
731 984
37 989
49 566
229 241
765 989
108 267
656 870
386 918
26 795
690 749
243 893
759 928
545 834
323 644
112 542
448 969
625 958
485 543
359 714
348 785
404 831
456 487
627 843
405 653
448 638
755 884
43 683
229 995
580 640
44 552
521 534
492 511
329 832
54 191
44 191
227 540
596 996
223 715
191 472
182 228
920 983
66 315
18 413
544 598
96 405
939 994
486 970
450 802
816 857
212 993
48 533
439 996
506 882
73 219
448 979
251 255
673 783
567 802
87 111
492 752
560 747
432 530
233 234
401 684
443 677
492 965
563 757
445 840
60 263
594 870
126 860
643 846
151 413
238 445
550 876
83 788
297 515
670 882
101 354
284 897
32 601
389 595
229 358
392 622
262 641
216 853
414 740
244 497
179 294
408 482
565 844
141 196
432 867
24 886
573 660
605 783
261 524
552 620
105 296
99 594
162 911
3 952
449 577
108 247
82 96
516 940
647 713
432 434
810 932
505 670
453 470
83 463
329 367
55 434
16 649
533 927
164 838
93 282
287 530
201 383
612 718
611 676
462 783
67 395
65 272
94 924
387 870
177 199
107 233
475 986
234 871
402 750
36 709
349 843
397 566
84 530
467 760
250 494
574 889
317 846
241 307
177 940
118 981
440 729
67 703
915 937
669 938
0 688
705 883
349 624
280 433
154 747
0 546
120 349
18 242
549 967
259 612
78 945
159 729
385 432
226 652
165 722
321 762
26 165
645 866
2 278
157 299
197 377
509 727
318 751
97 637
652 709
83 248
654 978
242 391
410 469
43 132
364 986
503 894
743 892
369 745
20 170
254 899
116 218
888 978
76 867
872 877
125 137
792 955
103 549
514 535
370 579
708 998
295 893
211 390
137 932
136 307
305 742
558 875
537 858
78 763
613 640
750 950
117 257
221 894
430 806
87 529
85 361
8 237
330 801
399 467
535 733
126 390
277 685
265 488
28 222
187 566
20 516
289 490
184 773
711 931
798 966
460 679
235 698
566 687
86 499
385 584
864 973
603 975
549 592
91 123
657 973
310 993
525 951
483 650
135 546
453 581
394 696
132 932
92 172
850 943
258 587
584 879
206 451
187 352
278 799
772 827
137 287
117 812
441 953
462 576
395 851
382 548
514 789
233 832
38 682
297 528
408 621
73 233
420 614
765 777
50 605
337 537
7 94
501 535
315 960
464 811
710 846
711 852
543 712
85 751
577 614
199 400
374 633
340 624
53 753
455 458
358 995
453 792
354 645
340 666
804 960
22 478
541 650
715 874
85 312
466 662
278 866
213 652
189 499
344 904
802 943
359 653
150 503
458 504
148 799
171 460
1 603
482 606
357 542
321 979
21 139
299 994
5 559
303 856
647 749
44 760
119 450
697 952
156 974
122 808
955 979
582 910
332 416
227 868
541 773
146 206
552 680
445 685
112 748
541 861
396 653
198 257
124 954
98 502
110 310
417 572
290 506
680 974
548 923
48 201
90 760
195 770
312 640
424 808
389 701
137 637
707 894
687 831
189 201
282 311
499 854
81 141
361 761
116 636
661 669
103 684
429 879
226 742
386 872
518 613
87 508
750 794
402 789
603 978
260 978
267 477
466 700
179 971
87 813
815 826
500 756
538 930
508 731
280 603
150 894
568 981
658 670
128 413
106 459
368 437
718 987
184 267
39 238
364 852
179 677
433 679
31 961
115 323
469 955
70 363
106 639
116 696
176 309
121 881
250 634
352 910
177 589
629 889
253 767
796 833
784 864
168 582
825 905
283 646
353 861
361 967
58 344
6 435
317 586
127 221
37 919
860 925
567 814
334 841
419 675
483 556
65 539
365 724
359 970
363 831
64 725
150 409
135 938
721 767
255 894
526 942
220 931
498 738
34 580
185 454
255 668
362 794
85 86
55 511
797 875
213 239
600 741
735 974
679 741
286 808
635 751
164 919
903 971
357 417
483 954
163 738
525 974
59 884
396 963
112 467
58 623
326 575
300 799
662 831
42 470
117 677
282 573
596 896
185 366
20 254
417 672
647 758
295 642
58 258
390 525
365 371
49 583
735 940
349 602
391 566
35 73
421 646
17 317
543 854
149 735
408 874
918 984
213 407
465 979
721 824
343 547
87 278
27 596
13 945
630 931
55 689
110 967
53 636
479 948
567 843
69 97
16 975
54 382
229 385
199 405
106 542
193 952
173 900
186 221
198 203
470 887
437 610
663 997
425 828
268 612
395 709
690 722
77 744
456 659
481 656
64 587
369 550
723 781
269 354
262 819
732 909
519 706
55 521
534 946
498 884
567 631
257 560
354 637
353 810
296 834
466 713
17 773
434 554
55 92
260 354
521 875
86 581
392 959
927 989
258 873
425 825
504 985
434 858
787 975
21 623
487 973
336 746
122 856
653 949
178 265
53 655
94 787
179 986
53 975
458 663
848 884
488 705
221 274
548 915
413 936
172 386
776 860
485 632
490 983
161 933
755 941
542 566
35 552
74 440
528 532
104 728
768 944
342 433
219 701
632 890
414 637
371 413
275 856
398 610
346 683
123 453
624 689
11 348
241 422
121 452
908 954
75 850
204 635
417 423
336 659
326 408
131 426
53 91
339 489
37 663
173 786
149 490
827 838
68 161
260 965
542 567
225 392
429 994
379 763
205 716
422 613
42 200
96 133
253 435
916 975
472 500
54 314
233 649
153 162
302 765
196 479
684 704
588 678
134 967
691 793
35 568
304 429
752 768
22 915
187 890
290 659
697 742
743 973
478 930
584 906
596 737
280 780
442 720
311 928
104 688
75 619
275 672
505 793
27 420
566 815
457 662
225 404
154 550
85 147
381 405
21 977
143 802
609 937
522 920
217 562
377 836
401 638
143 463
194 842
361 915
408 577
819 985
325 333
480 887
620 762
238 784
381 597
207 938
318 460
479 887
23 208
13 75
538 610
423 732
492 870
0 41
685 829
366 716
165 481
403 689
265 286
136 203
806 845
15 677
390 693
768 885
403 847
658 911
356 390
226 334
234 686
63 619
371 985
132 889
466 821
83 644
459 781
305 638
654 939
334 633
396 571
753 800
412 771
127 711
154 398
389 705
84 324
452 808
661 936
480 697
341 757
217 563
202 474
414 874
399 604
152 779
550 756
468 916
29 71
218 734
654 812
410 616
72 462
159 553
552 662
467 853
679 879
21 105
93 229
313 844
186 445
942 997
347 913
377 410
336 980
148 463
226 635
97 765
318 650
554 609
814 980
21 212
43 493
317 939
624 983
783 810
132 428
127 753
398 515
734 856
320 496
131 883
0 898
548 580
541 670
2 102
123 707
214 553
518 884
143 492
219 627
953 999
706 760
126 158
222 983
70 244
127 655
133 479
101 149
27 203
86 152
678 718
197 639
173 692
111 645
172 871
299 704
381 926
625 634
289 348
105 901
842 936
386 943
86 413
498 590
528 852
491 660
615 725
417 975
86 140
313 415
119 309
42 964
397 598
19 745
239 476
81 646
384 413
376 851
150 226
2 441
453 754
480 493
68 468
209 249
664 906
567 874
135 838
532 609
629 788
27 277
275 457
460 870
660 836
721 810
62 162
164 816
657 968
36 648
250 478
597 736
266 823
304 402
265 661
801 934
246 564
704 828
191 288
203 574
296 476
365 890
529 810
59 778
59 187
17 167
116 309
576 753
409 940
601 978
264 675
755 921
828 935
20 625
224 552
52 575
848 941
10 943
2 470
9 141
61 308
378 723
132 424
299 364
541 629
318 568
425 893
490 722
360 467
94 584
19 669
219 989
610 932
433 582
286 723
442 699
31 173
422 807
305 721
198 524
194 702
119 596
609 619
670 979
428 764
800 916
785 905
371 748
189 953
181 475
676 975
59 174
148 597
219 805
670 743
356 725
289 475
321 908
436 991
864 887
107 155
16 892
60 388
249 640
173 341
76 370
251 501
429 649
0 200
222 807
95 163
384 947
268 990
292 426
532 611
642 718
659 687
100 963
399 955
92 349
426 481
462 982
29 244
581 983
244 790
340 803
103 305
295 724
369 723
73 335
716 901
405 940
720 727
40 126
390 676
157 218
33 168
139 549
277 474
130 873
265 285
213 922
290 388
112 570
11 643
447 912
204 359
204 438
245 925
601 916
135 987
110 507
520 601
56 797
75 186
670 692
236 823
212 615
537 878
324 889
123 180
153 892
357 679
330 604
247 954
557 941
19 734
606 800
620 856
48 403
394 425
218 740
13 707
243 782
106 244
132 425
581 637
260 669
347 351
217 301
774 950
595 684
395 794
642 766
45 604
814 998
555 823
568 836
350 614
432 859
564 808
389 636
554 657
2 901
8 219
202 959
345 797
491 995
545 638
149 258
424 683
499 858
68 331
47 946
418 479
157 579
145 395
949 968
322 802
810 850
53 541
239 769
202 765
99 730
340 403
248 438
117 748
448 649
168 696
746 938
255 527
517 922
400 838
202 872
160 722
54 365
127 134
293 682
251 375
6 781
30 68
185 797
130 446
298 985
494 732
21 236
754 987
740 943
815 944
104 942
659 890
17 510
146 155
51 397
531 833
756 951
215 553
136 697
351 473
197 995
205 583
545 570
337 513
281 285
579 681
738 923
239 248
292 385
344 404
134 287
529 890
96 238
726 795
498 793
199 788
47 757
371 617
61 302
483 939
164 694
518 784
109 439
385 731
141 846
427 981
780 956
223 370
52 371
96 845
647 869
269 985
709 756
410 886
122 369
168 349
220 885
305 324
329 690
408 528
183 835
509 963
84 144
333 548
455 781
677 746
731 780
537 946
184 792
266 947
297 554
787 791
92 869
468 550
134 876
78 317
63 939
207 280
24 965
479 756
746 854
508 526
454 937
63 730
363 639
348 545
135 660
336 881
579 804
431 713
32 510
30 96
449 662
655 825
627 763
305 373
617 813
252 555
315 620
611 637
30 985
42 156
473 844
52 923
355 649
33 766
148 217
18 129
137 811
196 438
501 900
164 870
416 666
425 638
62 83
114 249
399 405
156 224
80 602
251 277
395 787
356 636
118 543
354 726
255 922
145 155
309 775
377 794
77 802
160 432
216 682
626 968
439 783
41 192
215 821
354 644
216 281
62 760
140 399
6 466
63 963
190 513
624 891
701 984
693 769
214 262
451 840
242 582
774 975
284 542
280 596
164 248
310 913
276 312
95 803
218 318
58 832
408 683
75 745
120 384
514 598
382 965
791 964
559 766
91 195
39 309
476 909
203 389
220 832
54 375
724 927
593 985
1 908
668 983
405 746
104 260
355 486
146 577
489 803
246 265
684 926
160 285
835 840
407 550
604 672
599 782
328 375
237 585
605 729
475 572
362 676
88 718
17 515
216 670
481 506
191 916
407 553
595 703
253 393
2 66
137 209
17 890
512 602
479 593
403 560
69 922
80 509
595 640
857 878
385 617
533 690
450 928
86 631
45 479
237 399
798 897
536 915
40 401
869 871
781 994
275 415
355 704
696 924
155 302
905 919
596 892
804 820
46 242
443 803
73 392
842 971
379 543
238 583
459 780
455 774
82 241
297 542
437 466
91 345
251 621
362 513
199 518
597 685
760 841
40 833
233 882
156 776
613 746
393 712
206 519
520 799
62 601
390 448
793 880
833 854
44 195
595 719
713 757
192 825
584 598
183 658
167 467
312 432
24 913
471 826
698 895
270 496
112 718
238 344
71 512
550 908
266 270
331 856
48 379
508 977
166 633
452 512
685 824
599 884
62 200
70 95
112 693
576 591
411 829
275 921
252 471
518 536
93 392
201 472
709 792
777 801
228 314
581 913
138 466
339 864
880 935
345 786
378 628
391 921
194 559
19 812
18 555
111 682
236 299
91 936
297 737
221 525
403 802
542 791
620 655
233 501
19 942
198 922
119 749
314 661
314 685
332 825
592 859
795 891
95 731
334 393
555 821
224 270
61 358
766 978
69 351
11 831
29 723
286 824
149 600
485 815
637 662
229 499
294 522
472 617
378 806
199 362
633 714
72 423
46 542
402 467
234 245
479 968
615 765
116 145
630 717
706 931
645 782
167 935
429 759
136 807
499 565
279 358
484 781
530 703
106 675
921 998
692 829
386 946
15 424
369 707
14 721
8 490
181 919
669 767
78 332
168 436
652 964
217 667
245 535
125 533
166 817
407 714
477 660
146 901
27 515
608 748
450 881
414 756
523 721
83 799
207 252
235 523
256 805
543 791
50 668
568 676
742 838
315 327
402 473
216 781
176 340
221 529
627 637
348 635
512 719
500 720
323 735
579 595
138 892
723 942
399 807
645 862
190 494
312 896
15 528
356 678
56 559
35 577
197 565
709 736
236 636
781 959
323 377
216 890
515 965
510 674
373 717
211 671
915 983
459 930
489 863
286 920
49 216
598 955
691 781
659 769
279 441
80 603
170 322
37 819
288 681
5 64
406 735
27 71
252 934
517 890
206 918
106 162
239 516
175 205
8 485
440 968
88 490
259 763
51 880
292 944
408 699
31 976
102 372
355 624
389 872
515 595
790 973
109 658
315 565
186 925
152 154
366 592
129 997
203 877
495 532
173 292
204 546
620 919
307 975
696 895
762 848
643 990
736 753
301 649
420 835
226 924
341 944
516 690
71 73
567 957
566 740
465 601
221 297
384 604
197 279
397 652
394 647
130 387
172 783
361 575
96 269
658 964
83 959
35 879
41 602
619 642
419 916
803 864
413 872
434 876
180 810
524 549
290 445
801 865
159 897
134 817
446 862
897 900
293 325
296 851
270 288
152 213
425 437
212 917
79 666
392 542
55 628
270 818
619 852
136 363
622 869
532 731
68 785
393 980
78 184
366 690
255 454
232 870
44 787
62 796
188 866
604 847
423 595
117 800
394 605
163 263
48 580
0 346
679 833
394 911
436 863
630 669
43 852
439 901
697 992
502 858
106 238
57 185
527 881
628 985
132 501
243 712
549 590
382 713
269 459
132 645
247 627
642 801
55 480
433 472
104 287
682 694
92 746
627 880
217 619
103 607
718 851
168 619
793 881
62 353
692 999
291 546
699 978
285 810
70 106
211 282
317 358
104 905
137 409
28 83
43 355
131 425
299 894
45 687
398 532
101 576
749 999
219 728
50 856
157 538
173 927
637 720
490 625
93 251
115 176
470 631
571 762
465 895
292 414
298 504
605 691
227 792
798 956
7 872
411 655
164 934
884 936
571 778
664 861
29 976
12 192
764 798
126 694
540 581
86 338
29 191
43 418
0 822
216 694
7 223
171 457
157 745
80 407
268 875
256 744
289 597
268 395
395 405
441 986
287 780
424 478
161 468
248 335
468 817
382 827
40 191
350 550
757 937
630 812
377 727
69 974
368 689
370 773
84 163
111 372
536 943
202 457
356 451
176 792
174 620
3 12
353 366
562 655
462 545
819 839
240 624
166 992
536 930
117 366
51 580
347 738
116 941
472 804
596 744
648 716
3 123
728 841
643 708
170 496
188 667
10 164
176 908
190 508
64 625
467 556
205 295
674 814
588 618
498 684
215 499
400 690
128 502
211 531
379 771
311 733
46 95
827 954
335 623
496 687
53 312
155 870
321 700
288 544
394 940
324 507
724 893
197 396
728 852
959 976
459 692
505 639
467 788
411 812
154 308
451 467
361 958
337 413
233 279
571 701
25 627
78 521
101 275
269 306
355 580
282 814
273 624
672 764
92 484
247 528
144 979
66 858
289 403
271 920
325 988
492 615
702 922
488 804
109 198
110 905
689 744
72 314
17 744
430 462
580 958
76 709
289 775
578 934
530 558
851 870
695 883
485 937
326 617
167 741
435 851
73 125
497 947
791 965
221 593
427 525
180 488
469 601
615 888
145 400
446 603
15 681
298 852
618 915
178 712
83 614
508 563
91 511
234 357
828 950
455 607
475 987
95 428
457 710
209 316
114 207
574 812
110 147
118 778
309 377
812 830
275 745
320 366
608 677
600 788
407 979
395 806
395 842
204 235
903 904
463 765
18 929
37 165
39 168
635 768
465 477
581 752
211 901
171 470
422 931
262 960
181 355
69 928
198 304
102 132
207 249
566 577
178 955
95 569
475 730
338 952
196 919
56 759
172 878
455 930
652 890
718 834
246 787
762 796
247 443
250 650
168 848
27 580
476 675
596 951
286 405
256 601
557 664
712 730
543 643
195 537
533 607
131 381
394 496
189 927
95 178
192 943
698 772
174 970
447 919
126 852
205 382
763 806
46 518
845 941
161 382
47 489
222 990
178 736
458 718
813 926
470 636
334 757
79 242
689 861
987 998
556 893
699 721
119 319
516 570
61 731
898 902
130 240
124 309
329 843
607 767
8 755
77 117
319 441
197 302
360 547
253 641
103 362
305 774
482 875
290 895
541 606
737 797
133 921
398 462
116 165
125 421
272 498
242 713
169 791
9 691
146 783
88 372
206 921
563 963
453 921
250 456
10 590
408 523
404 640
826 925
117 549
676 711
263 846
631 855
375 546
510 992
364 692
598 965
913 922
375 529
187 337
197 977
279 501
684 958
235 493
610 862
538 785
400 673
384 528
112 383
74 375
622 767
92 221
14 732
486 613
673 742
303 719
223 582
220 533
65 618
480 768
675 905
371 701
107 305
229 688
219 304
64 194
156 423
415 507
253 522
264 473
776 927
502 984
358 556
35 329
622 803
161 649
709 884
350 366
580 992
55 563
119 236
11 757
524 627
149 870
343 778
57 414
471 750
182 911
306 946
280 511
101 672
810 930
557 632
177 901
212 584
800 816
55 574
163 682
34 450
183 228
597 729
201 637
548 699
6 735
246 494
286 596
270 568
179 758
201 287
432 765
223 249
278 918
81 175
312 625
467 496
206 549
445 843
145 750
744 837
503 590
141 435
57 538
297 710
237 911
21 936
28 160
270 946
790 797
103 380
423 847
599 629
44 396
472 498
541 568
44 335
122 159
186 697
180 896
346 769
159 635
539 790
413 795
486 937
210 218
40 985
65 991
614 814
388 439
312 929
0 7
166 974
122 512
216 654
562 760
271 423
197 566
344 810
648 979
282 541
674 866
284 527
141 666
54 98
762 932
335 940
114 661
458 589
173 674
243 933
589 667
204 786
367 585
483 916
15 765
234 457
336 791
457 518
478 616
762 863
378 551
