16 933
137 356
391 400
593 708
662 809
365 595
18 751
68 776
36 354
164 440
338 364
705 707
228 382
858 965
218 872
56 586
193 805
548 943
3 946
494 608
812 859
203 915
229 331
583 984
500 719
24 409
83 864
92 115
80 465
36 950
6 304
461 974
269 552
10 498
272 856
437 458
13 715
297 704
40 696
232 415
256 540
404 824
291 692
157 848
724 799
28 193
157 168
490 709
437 852
62 559
369 708
499 775
203 734
424 430
244 657
136 197
265 374
541 957
17 389
93 115
308 540
50 122
828 964
111 266
168 671
228 680
179 392
127 355
734 780
330 909
437 459
467 702
360 833
202 660
101 775
296 642
435 770
44 616
86 155
234 606
178 914
571 834
93 189
50 179
959 969
758 862
329 770
461 955
41 473
142 158
454 600
35 136
180 576
651 662
237 336
268 514
151 454
437 596
487 643
776 965
638 799
569 723
319 536
360 525
9 683
502 609
489 639
65 997
0 171
79 507
238 699
374 389
153 811
796 986
114 651
113 450
752 837
19 423
373 896
735 783
285 931
344 420
276 341
800 837
268 342
580 659
33 967
120 321
197 307
269 848
382 421
298 525
571 669
297 948
83 566
32 497
721 728
270 349
70 459
149 764
728 809
695 696
17 194
391 816
85 677
239 450
819 889
328 391
276 559
40 477
72 360
326 433
596 800
222 782
56 932
136 338
34 741
831 935
404 999
433 679
436 918
256 883
160 211
71 999
39 840
548 552
111 226
263 985
175 767
583 838
176 699
719 792
550 563
80 319
550 759
752 986
29 635
541 594
593 847
39 612
512 632
95 591
576 739
711 914
343 549
395 497
77 568
539 640
118 619
20 959
63 730
112 359
699 953
653 898
266 899
531 937
528 778
517 979
104 690
783 799
591 632
546 668
86 200
661 671
705 972
43 788
36 402
87 900
553 708
607 985
819 922
490 950
802 821
258 819
603 863
57 454
587 956
475 788
42 488
99 811
812 854
200 887
609 787
287 317
272 693
276 864
118 546
348 814
634 940
803 958
368 589
176 610
324 437
316 366
127 277
89 465
334 705
290 943
577 844
537 612
202 888
748 754
6 568
298 449
554 759
102 143
64 127
451 672
501 988
778 817
468 635
219 802
340 509
184 745
357 439
74 641
245 828
603 741
542 748
303 902
302 356
429 798
420 470
233 273
50 459
403 927
622 685
81 377
484 826
914 923
183 988
780 916
9 168
735 916
552 637
206 219
345 370
765 987
220 840
390 651
623 793
660 930
11 768
38 252
189 952
175 724
292 443
460 504
452 592
356 728
300 581
914 927
670 902
44 510
435 474
97 514
228 796
758 996
796 808
349 600
100 127
74 392
570 930
204 375
522 932
104 731
232 646
383 902
427 900
374 765
214 631
472 795
230 427
143 587
378 744
478 937
11 871
222 794
293 426
169 816
252 358
272 943
7 898
197 798
434 962
1 525
945 997
373 796
579 939
312 957
35 249
787 907
9 612
701 906
222 787
74 497
474 698
440 725
638 705
491 523
48 952
250 492
288 397
623 976
580 935
285 615
72 537
501 874
433 927
220 759
149 185
718 976
510 883
588 701
500 576
432 453
924 977
374 703
565 678
497 703
965 988
112 854
413 987
356 846
467 914
67 416
137 653
392 536
93 647
148 477
669 909
646 953
8 185
373 750
38 76
3 247
416 712
210 829
51 918
676 965
385 743
38 733
125 232
879 927
570 756
379 592
332 665
202 238
692 963
305 730
39 904
86 808
296 616
637 667
214 313
951 985
408 718
342 640
196 621
766 872
251 377
358 394
584 949
276 596
264 901
359 656
445 806
464 774
93 101
307 794
415 779
175 610
304 849
397 816
688 925
164 302
874 939
696 875
175 645
504 792
546 863
448 704
660 912
479 753
13 273
412 780
22 404
253 956
124 327
604 651
164 167
455 907
393 955
683 921
187 600
499 713
161 402
203 414
425 682
167 790
307 931
571 711
305 879
317 984
320 355
519 589
487 848
232 974
657 803
153 404
196 866
903 950
379 458
364 804
493 883
595 800
518 814
120 864
181 397
501 693
340 623
541 949
572 697
726 959
155 453
708 944
324 458
166 822
128 659
75 706
460 872
324 593
342 992
449 857
358 446
142 421
36 698
371 622
85 330
538 700
645 837
246 295
321 412
470 801
72 528
877 884
400 822
393 560
165 417
611 842
127 336
385 825
724 756
799 809
438 500
627 699
497 945
275 818
710 745
134 971
273 848
18 25
23 930
188 418
347 612
151 474
301 536
377 651
450 644
82 539
238 302
710 799
184 337
246 969
82 941
380 707
141 750
164 732
503 680
27 704
467 856
120 853
392 504
37 498
37 306
471 609
275 533
760 811
730 870
57 304
23 789
363 516
448 539
33 219
303 737
122 246
451 945
243 690
741 955
79 614
130 550
405 575
335 436
569 658
417 978
792 963
678 768
307 309
342 478
527 781
125 431
377 904
147 577
67 884
240 498
370 498
48 73
127 836
696 761
178 495
27 810
795 971
632 840
319 454
326 333
100 757
356 459
388 486
855 905
95 624
403 475
465 804
900 945
640 661
487 993
20 192
297 515
138 167
147 974
457 473
307 909
118 582
421 618
473 506
483 678
82 569
386 958
238 858
230 683
677 872
64 718
367 697
217 931
78 857
191 666
498 903
837 928
546 617
258 475
19 937
310 940
268 371
609 679
362 479
191 703
39 909
89 119
50 629
306 486
128 849
153 383
81 699
220 668
479 979
144 998
454 768
139 291
75 970
100 906
291 332
609 724
553 728
534 813
471 778
258 372
525 672
371 993
213 958
40 289
44 536
288 812
342 579
303 417
755 901
233 675
284 399
304 957
122 364
494 838
210 945
617 752
88 745
398 989
311 381
355 688
328 917
520 611
175 259
160 381
56 283
393 682
341 703
57 986
176 177
123 552
656 738
92 826
433 754
65 577
265 814
83 772
644 945
204 695
76 820
364 455
109 484
137 825
475 812
235 342
3 787
741 817
443 909
197 920
497 695
262 861
114 387
59 945
31 992
203 263
420 627
658 904
147 736
82 901
317 622
595 625
104 412
547 719
639 673
97 368
136 711
250 582
98 879
130 661
871 924
291 685
344 903
547 991
491 629
244 466
839 946
402 443
162 603
277 950
399 801
289 997
110 579
209 891
458 552
681 691
376 828
324 731
72 872
75 916
319 853
734 800
177 511
202 466
504 692
95 493
445 903
14 135
26 376
187 575
266 579
759 868
545 994
67 843
417 918
270 335
69 589
422 452
598 977
290 919
14 481
136 737
271 459
103 836
297 678
23 228
243 296
290 988
788 831
557 709
44 101
690 828
465 602
64 495
414 579
354 413
490 780
150 592
113 253
411 780
283 803
579 991
331 398
187 221
514 931
615 744
327 924
145 658
153 527
209 458
915 919
699 871
21 758
291 871
423 626
261 282
578 626
840 977
62 957
516 824
345 612
439 672
449 537
416 817
378 602
873 874
98 294
52 573
216 471
98 923
558 640
359 570
536 552
547 845
63 966
311 669
461 676
335 565
505 910
333 865
235 559
529 738
657 663
481 933
209 232
224 579
119 290
655 794
194 342
160 500
522 757
785 823
511 983
702 893
16 387
110 251
849 947
133 956
66 864
448 789
368 627
672 746
11 819
401 557
254 513
270 718
776 893
111 408
110 404
4 772
467 850
24 149
316 509
105 532
895 927
555 981
5 615
301 978
55 824
337 888
661 958
789 960
368 851
256 900
256 830
380 680
404 723
391 829
265 287
193 924
257 534
501 748
262 401
87 832
720 808
424 821
384 678
529 610
104 510
137 935
518 767
490 967
274 797
540 882
158 436
85 970
185 415
677 823
655 938
116 747
375 893
405 920
277 531
287 734
393 424
160 669
294 988
3 921
785 885
221 813
395 898
543 810
83 367
21 839
22 956
120 750
201 393
155 478
442 924
317 564
219 585
830 865
574 833
359 786
70 599
465 933
828 849
627 932
195 818
306 570
126 778
327 672
171 827
158 447
622 722
193 765
308 947
58 882
197 780
202 593
796 878
19 646
646 707
902 930
588 816
824 943
367 496
270 890
428 676
338 650
455 503
811 843
253 402
45 534
450 990
88 247
107 869
245 576
105 527
830 921
116 655
835 864
487 503
77 179
267 767
770 829
24 222
933 976
278 978
728 862
321 950
190 327
57 924
118 162
452 948
436 920
652 955
107 459
139 184
407 638
304 820
526 529
463 844
122 855
717 793
114 203
530 668
77 656
774 807
259 592
28 723
531 678
680 990
172 489
128 526
830 931
300 460
144 709
275 564
421 619
174 281
301 535
192 704
511 731
318 323
41 122
5 703
72 735
561 995
259 874
41 190
693 704
3 413
190 630
809 977
51 611
587 983
39 264
131 347
449 903
377 670
725 843
267 383
730 813
72 180
222 604
309 615
618 915
74 457
404 600
266 652
367 601
591 631
74 993
896 979
1 875
273 718
8 79
892 985
166 739
316 343
740 931
4 7
79 901
465 502
83 483
154 850
37 97
30 833
164 171
46 278
518 903
117 597
102 912
651 841
157 620
346 712
351 441
342 720
430 537
196 265
702 972
9 467
652 799
39 322
169 669
369 687
486 573
485 636
477 940
488 913
834 986
427 625
185 697
122 967
318 586
559 584
373 403
172 568
56 960
225 495
216 629
264 554
54 900
39 994
729 879
67 907
714 885
251 847
934 969
521 571
155 639
12 432
0 559
537 967
312 384
544 942
808 952
6 496
60 888
0 141
260 767
208 833
55 497
85 431
376 656
304 368
163 736
380 722
269 737
41 49
5 585
343 957
192 393
805 963
316 432
199 946
155 576
33 73
470 562
856 939
126 161
289 307
39 897
364 986
405 661
388 666
731 991
736 976
275 939
542 707
255 488
183 259
292 995
558 608
114 465
497 592
156 626
875 881
195 597
208 862
250 355
346 875
333 851
434 609
142 328
668 750
817 927
164 933
542 571
685 722
7 571
277 985
79 511
627 860
108 722
815 835
62 324
161 658
265 948
408 619
276 287
158 445
91 567
138 610
684 985
344 824
453 608
329 687
542 964
314 425
502 616
592 941
564 754
830 951
54 570
238 330
209 748
128 776
90 191
177 267
91 774
382 873
203 896
213 422
88 97
713 990
582 590
507 654
605 688
337 742
527 927
89 425
675 905
217 218
484 995
747 769
621 927
504 824
176 278
37 273
366 379
309 986
641 961
2 816
505 598
478 744
432 521
459 567
426 784
421 677
621 777
543 548
398 399
372 574
29 761
395 847
185 492
56 454
826 872
777 808
377 552
161 607
174 426
204 620
310 650
626 931
521 779
177 480
204 272
103 301
318 950
48 810
105 487
616 666
329 424
443 707
50 329
220 755
576 841
238 959
843 937
170 622
2 810
151 434
254 558
735 876
136 556
39 43
7 241
709 922
432 504
113 629
202 554
482 868
43 179
238 721
243 469
212 279
363 597
66 155
801 969
384 525
775 937
530 920
630 782
453 566
134 434
41 679
636 899
31 875
79 948
621 900
185 191
140 531
597 900
648 869
32 399
688 746
159 667
293 571
376 649
135 860
162 539
151 528
404 439
534 870
352 508
770 896
301 693
36 594
684 899
650 815
68 914
227 690
613 933
521 582
733 989
69 504
272 598
7 711
2 541
706 933
49 703
95 602
5 991
41 256
675 856
96 906
122 948
55 323
196 562
637 903
707 929
407 554
414 657
11 617
308 551
709 717
606 672
611 804
15 845
219 690
54 477
176 786
426 462
584 988
10 221
243 292
280 651
198 289
417 815
77 300
370 718
325 787
394 591
288 409
508 789
99 195
238 985
371 411
52 955
414 751
529 995
161 706
256 998
451 767
72 103
142 845
473 632
467 867
575 756
276 716
264 728
601 911
283 318
13 722
116 590
136 471
111 195
109 985
451 788
229 875
74 243
18 717
58 485
633 936
565 593
209 350
261 645
811 963
824 896
37 839
173 940
404 662
720 999
172 865
94 139
383 399
168 417
226 452
255 388
212 848
914 953
58 950
527 869
776 913
45 950
337 967
476 629
196 741
607 981
120 720
120 701
222 503
889 955
496 800
12 696
1 345
278 755
806 952
217 976
21 934
520 901
710 996
452 530
544 863
411 617
464 984
89 839
330 686
147 487
827 843
172 851
130 196
148 279
255 288
222 366
628 886
123 338
5 234
130 790
221 553
205 747
18 188
56 396
519 543
346 543
738 747
870 935
149 229
435 869
756 801
91 384
39 566
625 722
865 923
144 756
418 855
436 701
44 98
493 915
388 993
84 613
483 487
371 716
806 984
585 740
28 960
124 999
846 946
625 870
711 733
366 482
420 588
918 984
763 870
863 899
504 512
299 991
347 670
331 708
477 645
423 437
26 547
436 972
413 746
809 842
146 561
87 291
562 981
71 851
323 325
66 181
366 835
173 535
36 233
218 513
230 642
256 302
91 189
229 935
423 504
3 97
388 984
317 442
513 950
168 628
235 836
24 809
334 953
911 989
129 567
798 855
157 771
54 961
600 635
248 457
59 345
395 460
86 902
36 713
767 881
664 956
468 826
332 421
160 243
80 763
618 724
496 878
127 284
409 920
185 331
107 997
193 726
251 439
229 370
246 673
141 326
10 424
584 915
605 678
16 330
246 296
775 826
531 987
503 803
40 396
486 503
37 212
288 696
278 652
659 677
337 876
300 818
348 733
236 305
253 411
59 635
499 813
382 835
338 800
197 537
23 379
52 768
588 749
409 592
27 420
255 269
87 757
457 555
143 173
763 936
396 750
248 996
564 831
364 630
520 521
252 913
895 966
21 483
430 715
75 94
202 696
311 349
136 256
309 769
399 884
148 245
593 986
396 550
378 424
267 298
180 250
146 550
146 923
213 981
409 705
659 907
105 360
219 241
340 616
368 902
516 562
93 264
465 870
732 994
168 245
718 912
391 411
724 994
624 699
133 284
239 607
178 644
613 832
87 518
333 446
201 587
8 680
465 473
459 550
205 718
470 704
447 789
783 881
172 505
305 482
141 441
138 896
81 619
103 489
168 436
755 935
296 637
454 787
690 769
327 913
408 970
549 797
678 769
293 684
519 535
29 951
847 960
167 932
270 280
421 448
357 706
555 695
5 343
149 774
33 62
453 793
384 602
154 695
379 632
168 447
398 898
197 859
364 598
791 878
564 986
44 679
234 273
278 739
888 929
314 405
302 858
460 687
155 461
93 193
534 992
433 613
162 743
341 644
787 878
571 864
602 703
908 977
647 837
118 607
12 887
190 785
245 871
229 684
400 774
129 286
743 766
509 719
715 905
202 784
126 854
0 558
728 909
887 917
494 908
36 796
173 507
338 730
418 919
414 818
543 693
104 811
176 638
321 544
243 875
98 680
1 680
8 730
895 941
850 999
387 389
896 998
560 688
392 607
148 652
253 288
463 926
136 781
24 822
12 854
365 474
535 834
447 476
447 729
471 678
28 834
719 747
698 716
675 725
442 874
327 730
479 791
183 279
291 988
38 815
657 925
456 649
379 753
432 903
90 850
569 812
529 837
619 914
62 204
140 884
619 792
153 675
583 954
337 572
598 727
387 607
36 652
63 405
319 767
189 969
2 761
598 891
439 864
5 572
323 717
350 976
222 560
559 657
255 484
223 286
214 290
277 611
48 731
237 948
700 709
591 943
659 826
454 876
266 378
589 881
209 447
670 940
121 597
581 605
204 868
180 418
510 792
47 558
348 523
575 796
57 739
69 519
325 566
832 945
55 178
503 773
65 387
509 525
14 106
218 466
326 999
837 988
388 791
395 666
543 736
145 241
112 283
201 214
437 511
385 493
158 689
348 429
576 873
290 590
756 979
306 809
149 755
143 898
537 890
273 916
434 510
717 771
337 622
270 412
655 849
257 890
165 605
319 741
830 961
161 332
70 493
177 467
642 962
76 532
344 853
287 805
576 854
356 829
266 978
115 241
633 850
150 357
29 807
244 637
928 990
60 798
238 415
580 666
785 947
10 105
72 865
33 780
299 694
287 758
124 137
894 944
490 505
495 933
418 731
191 908
349 498
282 958
164 906
67 174
363 492
391 396
272 437
31 696
76 814
126 213
290 372
509 795
442 862
291 632
174 551
823 875
49 782
157 213
40 225
403 739
483 717
151 341
199 920
724 997
14 851
304 562
72 223
100 438
743 866
70 392
246 294
268 695
380 777
260 772
354 999
423 527
482 678
755 765
489 878
752 892
666 692
196 268
90 648
706 957
128 391
37 349
726 969
458 732
99 992
230 453
344 757
178 877
436 994
314 933
37 835
528 558
106 704
148 794
206 755
103 498
334 805
413 536
620 774
225 871
102 965
309 679
859 908
487 647
773 902
89 313
810 871
866 969
117 978
661 733
116 323
10 231
119 921
48 423
294 740
57 273
396 952
366 608
205 212
255 466
569 978
556 789
525 792
655 770
643 668
318 855
87 785
58 328
558 751
106 298
46 380
355 794
73 684
402 897
10 279
363 609
271 579
371 750
758 797
494 792
349 778
110 915
788 791
347 974
80 542
645 940
353 812
497 735
489 778
409 746
461 499
19 430
733 769
802 882
648 879
26 658
488 997
573 786
279 899
174 485
332 482
114 144
201 835
966 993
691 739
190 375
394 553
286 621
516 775
520 747
546 775
405 772
34 331
314 910
230 395
562 840
230 954
59 65
52 508
31 199
144 759
697 741
153 714
21 983
489 855
616 769
401 526
389 435
651 857
101 440
399 941
354 629
248 413
46 756
430 818
307 962
48 189
11 694
346 763
604 716
201 837
221 602
363 962
221 389
843 965
13 364
136 719
345 384
133 744
303 492
151 526
617 715
200 628
315 761
477 974
175 919
314 492
30 129
454 518
251 420
361 616
136 850
335 834
586 820
79 578
104 123
92 582
171 782
720 932
449 694
369 762
221 428
213 350
458 668
61 221
440 934
677 928
365 784
371 762
185 692
661 802
148 384
319 753
474 519
604 968
366 520
94 689
146 903
605 796
17 923
18 715
304 696
88 995
61 758
598 811
802 965
259 951
13 702
221 270
839 874
541 711
231 592
739 805
486 602
409 696
714 971
275 476
471 762
175 716
581 879
126 384
385 845
687 899
750 957
120 941
184 661
128 653
244 810
219 730
764 915
88 491
319 982
96 715
431 791
624 724
663 750
460 860
135 147
238 759
231 457
179 993
184 892
121 489
347 693
219 463
63 960
294 551
267 382
391 525
15 50
250 713
62 117
573 604
210 684
19 842
374 915
12 160
485 910
609 649
178 220
73 139
624 635
370 785
176 891
895 942
497 543
7 660
560 933
122 617
617 811
141 885
505 537
45 448
46 342
57 521
266 482
12 254
107 797
350 624
326 519
221 644
369 652
234 281
851 937
554 755
248 662
200 439
753 836
0 447
409 882
149 320
332 892
351 403
379 482
160 701
250 698
381 619
702 967
252 639
7 818
193 833
255 985
360 385
737 821
704 808
128 146
205 390
813 960
647 741
339 795
159 589
845 892
547 561
813 860
30 186
731 821
215 428
68 600
141 890
337 949
836 946
429 503
226 594
320 815
241 506
115 752
95 960
8 645
505 859
45 174
347 535
128 751
197 775
703 916
393 439
217 737
229 999
240 455
55 593
187 775
242 561
8 939
554 584
369 765
441 543
329 810
890 939
17 432
135 488
286 927
503 528
664 757
256 854
448 565
311 692
224 635
287 926
193 584
305 511
304 959
121 848
90 633
65 412
108 900
81 179
249 843
104 191
99 108
762 904
152 891
338 439
275 817
680 985
580 944
781 985
417 970
830 871
36 331
82 589
262 725
22 975
105 565
431 557
25 335
178 671
10 226
43 969
306 637
76 569
61 250
20 350
31 574
419 850
905 932
360 631
194 735
652 958
389 652
209 678
76 232
208 302
242 529
231 697
773 836
438 801
151 186
218 458
660 725
983 989
350 593
139 614
437 924
89 143
665 704
119 741
679 937
395 531
92 209
397 763
218 564
404 835
646 715
793 974
306 964
251 776
666 742
103 743
18 886
544 683
16 591
528 776
171 695
59 256
615 822
653 833
738 841
238 806
212 487
793 951
79 528
45 194
788 821
191 649
26 546
617 874
2 562
257 497
525 909
492 866
83 519
326 822
360 916
628 847
480 931
9 993
10 390
555 831
178 557
22 556
103 248
174 665
23 602
127 274
140 932
16 619
297 660
190 372
170 565
398 572
101 565
111 407
314 955
294 485
668 871
393 974
567 916
870 991
266 943
875 997
406 968
243 418
433 618
535 791
715 955
56 933
632 692
167 939
7 813
230 424
481 817
397 557
548 737
619 680
814 968
573 907
503 937
907 991
134 936
244 442
376 849
300 481
68 820
420 427
196 633
10 115
366 567
455 864
115 484
282 487
394 452
741 855
846 897
0 186
333 443
182 430
82 171
254 436
371 888
381 985
351 355
300 571
415 806
407 645
49 212
391 904
289 305
103 306
436 827
101 609
624 970
43 986
298 567
775 938
538 760
245 671
111 971
168 269
140 266
140 657
45 445
500 946
103 125
204 288
86 258
130 180
597 748
372 780
38 670
62 132
595 915
33 83
124 216
11 482
151 265
139 662
438 949
52 514
563 802
2 609
412 789
9 484
264 889
280 381
286 865
201 342
460 727
636 676
0 852
158 469
151 298
452 483
88 997
3 505
466 799
5 563
489 607
497 925
105 306
129 391
471 524
944 984
550 933
13 754
171 933
223 436
706 821
889 909
703 746
854 913
212 270
770 819
695 760
217 668
353 797
609 877
620 905
171 862
838 875
771 925
398 501
560 572
207 449
263 481
195 746
469 759
17 591
129 578
247 286
346 640
307 396
17 517
565 731
188 403
465 958
357 527
439 966
526 929
762 888
141 435
509 962
194 878
124 554
359 840
57 723
472 832
702 717
282 489
29 433
37 392
494 564
101 813
30 355
243 339
144 832
5 30
576 794
235 348
53 594
541 776
652 725
248 369
89 427
213 651
40 470
317 605
58 957
130 312
440 821
584 908
653 938
590 799
515 825
500 920
393 772
424 696
118 297
145 546
148 738
209 759
188 716
145 526
126 656
566 810
718 829
150 834
92 656
523 633
270 485
394 443
492 878
349 818
141 315
879 895
6 463
3 88
74 966
200 501
311 974
766 803
29 268
37 637
623 713
335 561
356 460
339 729
200 899
341 688
214 935
29 573
293 661
384 719
885 980
919 954
37 548
577 758
657 747
615 722
528 722
57 183
236 786
437 874
37 562
251 778
351 849
142 632
17 365
345 861
132 254
651 803
521 761
178 732
699 861
253 583
227 310
118 464
449 992
253 486
31 906
90 755
74 735
249 452
443 462
149 698
800 946
467 853
562 585
423 998
251 285
358 864
477 913
362 680
469 933
201 376
317 643
52 483
85 717
161 504
5 547
211 846
64 805
313 719
1 663
142 286
853 914
151 180
183 330
151 894
117 447
434 879
90 363
160 838
448 694
347 673
699 884
193 856
300 859
301 576
70 522
789 940
443 923
605 969
626 863
95 757
311 636
753 881
351 719
151 913
765 938
816 851
44 174
474 673
249 255
128 778
68 671
595 919
240 863
200 489
103 309
585 766
818 946
649 872
137 538
655 801
4 76
250 472
48 497
557 746
417 786
625 705
364 840
917 945
329 400
226 266
519 524
85 391
174 975
327 528
956 982
331 454
559 731
636 951
49 387
173 193
170 819
183 230
175 362
100 691
327 928
310 447
747 851
190 377
70 722
27 387
511 586
119 814
574 858
119 864
384 683
614 641
3 218
142 671
46 70
356 998
201 869
59 103
177 931
129 635
234 508
97 375
94 846
20 911
704 775
88 139
132 810
29 55
135 197
182 700
50 619
488 890
346 603
534 899
380 875
109 522
889 897
206 983
118 743
356 799
245 495
240 408
295 628
115 437
489 844
649 815
891 892
494 655
238 554
113 381
903 934
575 823
133 152
159 247
515 603
46 849
286 362
257 342
46 933
458 777
459 887
778 944
351 599
589 624
5 153
55 440
260 982
263 412
115 774
659 719
58 289
652 920
529 696
982 994
804 927
111 814
56 264
944 967
568 655
557 809
926 964
186 249
864 946
413 951
639 962
484 928
20 756
69 932
285 927
51 564
83 162
699 730
218 674
667 874
576 595
35 521
540 636
59 838
10 500
491 603
88 973
420 993
704 844
414 482
465 983
46 67
628 777
198 766
433 803
72 398
9 459
271 901
95 331
91 596
341 695
314 439
211 783
660 979
74 916
461 899
508 892
318 872
437 637
70 792
495 870
232 543
814 954
402 485
497 929
350 839
624 789
505 759
1 517
738 917
200 944
168 836
60 487
49 60
130 924
146 841
384 977
284 730
551 568
48 686
36 497
121 239
97 177
178 880
614 970
447 910
170 616
98 582
158 455
731 983
641 825
877 970
561 960
112 254
292 528
25 161
328 752
498 506
730 849
36 816
484 700
78 223
177 452
157 907
141 687
219 318
651 879
179 905
59 344
198 857
436 878
286 609
736 811
16 125
69 627
609 705
292 413
234 449
274 672
662 942
260 954
605 881
140 413
484 863
413 472
261 341
302 643
380 547
113 916
92 857
818 985
150 629
231 384
78 903
373 658
917 965
633 798
125 570
563 785
388 609
198 302
649 842
548 605
574 718
431 464
449 811
249 313
78 480
509 697
708 735
652 882
673 867
595 802
366 993
381 602
106 579
257 755
773 862
347 655
120 932
95 778
27 921
352 408
458 859
594 861
95 518
543 598
753 962
138 307
471 871
577 910
519 803
576 684
339 733
17 924
54 811
113 733
434 873
85 293
298 683
201 240
190 745
59 744
235 943
367 414
106 629
909 991
27 148
486 881
367 762
250 530
168 715
263 602
589 700
624 896
350 488
447 826
678 922
507 622
157 874
264 388
380 855
3 525
11 759
236 478
125 486
9 294
554 624
143 896
144 677
27 119
945 984
475 663
220 334
377 637
25 560
415 993
519 757
517 770
358 882
360 995
4 196
654 750
629 902
245 306
47 365
383 685
512 662
46 882
35 198
612 758
61 605
525 818
476 647
687 711
5 683
71 554
39 725
20 304
627 902
26 678
267 364
762 929
228 808
164 427
776 844
257 537
63 733
75 562
710 763
68 273
344 798
622 837
69 278
48 858
180 536
427 447
189 252
481 729
245 349
260 545
373 797
458 802
230 860
20 923
293 345
143 991
637 965
58 332
243 542
424 459
79 238
223 683
304 779
480 516
776 901
26 274
180 574
733 786
753 762
61 107
399 404
36 602
287 369
447 965
258 829
260 389
496 964
275 944
460 621
107 522
237 485
149 163
666 882
301 428
363 987
386 888
119 842
489 775
129 222
311 454
195 480
328 571
511 515
132 955
62 328
7 917
156 548
432 566
346 377
234 448
568 764
429 539
409 910
113 215
221 945
762 793
580 660
340 758
642 765
190 257
689 921
108 311
455 775
575 688
41 804
470 495
695 904
119 954
105 881
730 747
507 760
265 310
100 305
30 710
303 847
751 956
526 966
411 654
102 452
597 811
858 923
656 854
19 325
476 610
559 710
66 207
822 869
274 683
174 713
22 984
368 736
330 334
614 741
340 716
503 545
666 820
362 872
381 476
197 439
108 209
501 768
174 675
638 857
164 949
922 934
538 642
22 868
636 976
609 669
507 705
172 723
327 534
595 804
144 267
477 595
96 253
245 779
771 883
72 637
400 911
6 938
380 906
807 882
17 768
74 551
76 275
603 797
610 744
759 878
354 888
141 355
802 952
921 925
836 910
588 997
173 356
79 526
88 685
314 457
217 806
81 531
293 328
36 904
72 147
134 313
489 853
454 655
441 727
629 932
282 637
217 811
96 990
78 242
556 781
536 587
419 774
21 67
57 100
323 524
205 457
410 837
292 298
66 92
19 350
9 73
643 984
172 974
739 766
405 872
293 323
449 460
481 712
164 868
192 890
447 689
1 526
300 858
170 276
542 744
817 978
551 963
75 460
289 551
46 841
424 516
339 884
404 965
717 834
568 959
257 378
379 759
136 617
31 306
245 775
575 848
751 945
405 538
178 180
20 957
226 381
888 918
617 854
674 686
40 594
418 645
204 404
149 340
181 373
618 998
199 308
194 253
84 302
481 659
616 968
195 853
701 741
113 670
139 595
356 635
1 733
405 937
406 555
131 629
88 628
296 827
2 129
13 732
349 610
815 981
34 544
9 557
504 704
60 148
492 881
413 897
800 804
303 892
405 428
607 641
53 643
737 785
656 699
486 989
382 867
375 424
79 391
539 928
420 491
256 773
296 318
428 474
83 96
719 877
488 712
484 893
355 573
363 678
517 625
492 704
79 899
291 916
196 510
1 182
307 617
287 609
389 603
52 761
312 929
544 765
205 251
316 966
401 670
652 808
76 101
611 943
272 478
241 964
574 785
528 741
642 963
436 793
722 826
100 371
306 487
178 974
542 941
494 943
654 963
65 595
82 891
355 676
369 993
506 948
477 567
247 882
40 471
649 670
114 771
372 954
77 347
132 619
640 979
603 914
633 861
20 716
104 697
423 473
371 690
332 609
200 579
23 491
162 972
438 673
45 285
362 392
525 744
333 384
247 856
340 841
360 460
565 909
332 409
99 390
56 74
60 608
654 904
978 984
418 657
416 703
54 809
151 417
686 750
535 894
227 349
735 809
588 645
726 997
329 469
449 737
543 861
346 549
330 765
183 527
296 339
745 886
303 457
405 784
389 754
11 124
916 951
121 994
451 949
463 750
359 540
238 611
377 908
788 920
259 912
84 799
357 541
454 605
36 860
389 425
614 753
882 901
23 704
653 877
340 826
366 755
367 699
605 960
96 525
8 748
137 184
159 846
77 614
113 451
826 841
792 890
594 791
298 675
166 552
304 992
59 244
296 359
316 778
256 874
193 356
235 330
394 540
176 617
360 980
82 186
324 821
767 979
6 115
417 634
558 721
154 626
133 337
263 802
58 653
138 847
725 766
529 658
58 471
184 275
38 709
211 370
33 701
330 501
59 747
135 969
113 821
124 954
451 926
217 456
337 707
103 655
185 784
256 762
389 595
440 985
162 451
196 484
216 526
275 337
625 824
245 446
721 938
389 752
647 970
197 336
29 853
792 814
390 906
422 985
647 862
98 322
376 870
592 935
272 748
220 373
97 465
387 820
538 572
128 537
325 894
874 924
18 178
90 920
512 924
571 905
579 726
102 670
449 605
47 197
229 267
571 678
84 743
65 622
193 315
159 562
33 871
401 486
51 928
322 327
579 792
518 899
159 921
608 620
19 526
107 158
81 286
370 786
824 851
491 992
152 397
53 620
537 891
21 941
343 819
268 611
519 923
434 481
102 440
394 966
473 552
74 760
212 633
130 457
415 475
354 627
516 784
246 806
65 457
78 501
29 776
510 597
38 210
605 964
356 438
509 782
198 495
680 994
304 410
155 605
134 574
359 960
206 651
460 517
18 623
538 652
136 147
357 515
479 526
314 882
176 917
467 665
659 671
500 975
421 655
581 996
790 893
707 793
99 576
74 253
594 792
727 741
242 280
451 806
73 117
40 343
293 705
810 964
662 717
138 292
225 318
134 460
118 193
253 569
769 858
643 716
2 370
282 809
260 964
38 440
378 481
671 733
538 895
255 988
280 558
394 876
505 880
688 975
74 941
195 544
187 799
154 911
721 910
788 874
229 333
63 264
62 997
735 952
75 245
208 803
355 954
31 212
719 834
187 260
660 731
808 811
270 719
180 965
754 792
407 478
23 335
541 749
373 628
618 701
261 703
410 421
215 452
402 974
161 171
14 183
244 822
346 867
664 894
38 47
454 770
105 516
58 830
203 206
686 907
390 821
242 521
152 736
127 694
217 490
505 640
237 400
98 679
104 925
151 762
532 964
480 958
788 989
195 890
577 991
164 455
319 976
406 823
452 712
555 950
21 943
412 773
91 180
284 871
369 634
333 787
97 166
156 165
56 885
228 703
158 985
392 656
134 150
199 479
430 954
754 975
166 373
748 905
609 620
189 978
328 606
663 772
426 829
280 311
237 984
222 892
142 636
629 878
357 787
93 828
139 934
69 864
452 817
61 769
310 789
40 395
639 703
65 520
152 884
121 728
136 620
343 631
573 609
612 748
792 931
422 841
726 910
178 287
80 408
221 591
631 719
710 969
489 687
571 775
503 641
45 130
388 476
113 437
725 962
185 245
26 517
595 667
306 937
125 369
715 716
434 590
348 559
387 496
271 400
310 394
126 355
524 954
96 989
391 410
576 714
583 655
603 674
530 892
655 981
613 696
203 371
71 482
115 978
458 867
121 601
261 727
785 828
682 924
126 425
192 334
2 341
775 957
16 657
349 849
312 462
45 684
17 879
484 755
209 566
352 810
39 613
867 889
751 923
792 877
349 478
70 351
197 820
188 660
207 861
519 537
323 934
555 692
663 813
22 529
581 881
184 620
73 846
487 949
631 997
179 346
110 601
49 282
709 798
5 822
245 877
432 645
289 810
95 818
676 832
51 368
296 898
136 441
199 438
378 767
136 877
185 979
130 511
246 333
168 487
44 364
413 689
55 149
244 851
683 873
273 277
403 921
527 845
57 726
177 283
105 772
84 406
918 957
214 556
603 702
0 724
418 490
567 689
541 545
164 770
576 789
47 980
574 710
120 177
653 812
649 758
55 584
842 894
325 409
450 929
174 463
881 929
16 970
561 801
863 965
684 792
83 754
124 816
301 658
288 311
465 937
50 421
615 993
318 944
24 746
599 839
880 920
289 721
851 874
66 850
191 534
210 297
334 618
113 628
402 987
291 453
691 712
684 855
679 799
355 704
545 954
543 817
616 835
38 106
309 842
33 104
195 315
165 330
1 444
