697 993
674 851
653 794
422 563
632 971
199 682
37 822
442 471
89 679
247 553
671 775
83 413
524 911
197 577
315 352
12 965
346 639
215 351
638 785
266 757
622 948
444 956
750 985
16 915
820 839
616 862
381 595
297 859
258 495
573 788
105 847
545 938
505 744
248 530
143 514
118 639
814 947
562 799
698 830
168 889
136 650
598 752
401 869
127 809
248 949
53 96
55 343
151 993
594 848
344 681
108 672
462 923
24 620
74 670
206 594
209 559
82 663
807 952
65 968
431 665
836 917
113 324
107 179
380 476
53 509
161 724
182 186
154 436
562 863
769 824
735 809
892 978
137 751
168 196
457 627
374 833
816 947
347 699
54 527
107 727
36 451
218 620
409 637
552 724
272 900
321 433
651 988
325 739
140 521
597 907
501 740
323 669
374 687
16 93
744 901
552 938
195 525
508 833
585 934
385 558
58 485
473 991
61 317
553 564
190 471
43 150
212 825
251 712
200 729
345 453
249 473
668 743
604 774
60 853
189 590
26 618
0 610
413 852
279 416
821 966
468 888
452 865
294 929
703 846
400 658
299 483
2 395
504 776
357 999
188 837
300 807
300 566
418 769
48 66
32 187
75 222
439 501
795 879
368 934
379 641
292 687
689 862
366 687
686 817
6 76
226 376
145 814
28 583
94 915
102 984
206 479
177 980
408 997
127 365
120 343
30 744
412 959
71 452
325 888
401 490
69 895
61 129
214 510
129 644
604 980
83 232
538 761
415 535
170 894
253 865
14 997
247 779
308 318
231 634
73 558
387 453
142 869
708 866
379 511
190 983
774 843
382 419
186 535
57 269
81 522
95 274
521 872
180 874
191 457
166 750
883 906
25 555
422 775
86 154
276 285
128 489
50 908
862 937
132 447
347 528
621 654
878 975
202 495
411 686
577 659
436 542
344 483
258 920
6 766
51 764
254 282
531 684
394 514
621 961
526 968
489 532
465 590
437 763
174 667
123 678
751 912
573 587
256 845
22 197
851 962
425 485
216 308
169 730
142 702
580 692
111 533
53 465
228 998
17 842
754 965
48 505
621 877
444 485
466 642
669 859
604 636
506 820
27 945
647 902
169 594
580 632
45 128
37 478
625 879
379 848
845 896
74 236
681 869
687 912
323 771
279 356
408 862
99 353
241 353
352 410
932 948
395 428
329 432
258 954
106 312
333 509
354 922
223 935
603 847
278 910
618 619
379 557
8 832
73 732
84 361
484 661
231 369
89 698
663 700
327 653
338 806
188 513
124 260
736 863
323 647
141 294
50 265
98 673
58 757
420 523
7 194
81 563
238 523
254 261
266 575
581 733
122 605
217 246
246 983
433 569
926 982
247 864
889 977
35 697
221 647
807 841
241 580
171 404
17 764
339 777
284 710
72 241
319 832
78 458
243 654
0 636
170 216
235 499
105 285
104 886
694 858
790 945
701 935
51 313
90 719
3 742
166 801
596 633
406 837
64 491
416 650
127 172
632 715
89 671
0 557
194 858
491 603
0 538
193 314
912 941
404 683
267 557
215 850
191 687
607 621
531 623
23 658
7 795
725 818
448 725
728 994
331 935
288 486
31 222
515 602
295 358
199 562
401 916
459 777
440 750
66 971
374 441
521 982
707 800
248 692
420 785
72 595
81 103
360 677
464 962
193 759
321 392
237 321
145 450
585 696
114 552
278 557
539 555
152 355
598 844
383 955
550 616
456 719
168 983
447 749
131 942
206 804
686 879
393 831
441 681
586 768
325 907
814 864
16 216
521 815
212 476
550 828
358 379
714 900
527 649
10 162
591 720
166 277
559 952
460 985
228 352
259 571
436 906
73 474
594 804
17 641
422 544
153 845
745 902
429 868
30 394
337 791
102 957
406 966
778 868
220 392
359 963
617 831
256 399
91 556
85 202
573 977
629 770
130 531
868 998
313 614
104 380
835 952
270 414
241 282
49 633
408 855
38 597
348 377
468 647
849 904
829 905
178 534
309 600
418 468
83 307
40 82
386 539
875 953
116 657
58 588
750 795
699 818
195 833
47 832
15 304
682 921
133 860
85 807
521 577
553 829
660 988
200 869
96 374
383 505
212 445
441 962
240 259
13 426
61 454
258 470
292 717
743 850
505 550
26 288
128 841
207 788
181 428
340 556
198 524
291 737
643 733
51 884
65 992
662 799
478 920
269 547
12 565
70 749
37 914
42 448
231 656
183 412
84 875
320 961
73 612
50 717
453 697
689 953
870 967
348 840
461 887
247 804
473 997
740 874
34 323
265 782
317 331
415 678
193 350
618 728
778 962
659 687
232 640
102 701
541 607
803 847
3 50
651 828
399 878
434 568
553 703
699 884
372 729
299 565
80 380
184 394
158 871
406 742
459 864
197 823
0 352
22 355
26 754
154 536
256 456
588 809
511 639
693 884
344 721
153 801
337 724
235 899
209 305
329 425
526 764
117 600
824 985
353 360
139 609
79 169
418 680
70 111
143 564
366 807
532 648
548 703
119 264
205 448
41 970
975 994
205 439
263 969
322 542
681 976
283 497
112 701
177 535
94 164
678 971
327 812
855 867
227 974
432 484
423 877
750 754
545 871
192 307
809 850
137 866
149 883
634 996
163 202
366 883
257 561
69 690
240 545
289 819
773 872
252 647
6 650
397 874
56 552
66 713
906 933
202 790
82 188
138 637
21 351
3 961
693 934
382 527
591 671
346 815
796 950
447 462
309 859
321 861
739 915
174 926
480 672
107 316
20 454
371 744
99 827
113 684
145 419
88 992
90 339
239 903
365 641
686 950
224 359
163 491
89 98
17 123
333 921
582 941
139 326
318 665
349 777
784 922
768 776
10 211
467 913
109 450
278 488
59 854
199 223
649 698
664 715
586 772
401 706
540 879
384 544
162 859
246 643
14 84
447 771
239 577
379 712
343 700
759 867
197 418
247 334
68 999
192 315
716 937
816 899
256 283
361 467
607 797
234 462
234 973
551 681
393 825
282 525
502 736
284 286
619 920
340 533
848 970
533 907
784 916
525 723
419 436
217 992
43 807
369 451
41 484
218 920
229 554
318 743
56 379
604 977
350 489
317 320
202 690
579 606
303 338
131 758
476 739
135 327
130 283
504 676
614 776
843 894
330 989
161 739
117 368
71 716
385 607
391 649
323 940
278 607
91 626
388 717
67 567
202 204
60 197
811 878
124 188
7 871
113 520
610 833
638 678
597 904
63 296
355 598
205 619
597 986
296 374
666 863
223 442
65 991
283 295
155 472
162 419
343 884
34 953
672 718
622 983
46 621
219 270
241 754
425 740
73 190
466 857
260 937
354 432
252 715
2 407
421 539
882 921
658 955
187 376
170 980
601 998
569 621
173 675
598 862
53 415
23 881
262 960
494 694
667 746
21 761
301 505
426 794
452 535
75 381
361 828
179 597
315 518
488 800
14 193
438 608
67 461
681 842
336 774
441 727
434 489
814 939
142 608
677 717
61 98
104 889
702 812
127 420
220 572
766 967
235 405
654 726
866 920
640 688
256 415
42 433
247 256
333 398
50 856
428 917
501 532
158 313
586 931
159 792
151 759
277 738
3 164
382 745
433 924
23 532
456 848
105 575
56 908
855 912
283 959
181 460
168 691
106 125
269 622
617 774
28 894
544 864
609 898
42 301
243 706
633 758
700 814
542 555
78 853
191 259
665 711
142 950
817 925
411 435
699 791
329 915
579 687
525 613
753 919
812 915
25 514
214 445
191 339
269 770
313 544
561 880
24 830
703 841
466 755
628 806
257 310
74 944
889 951
910 995
177 222
159 737
202 604
745 951
73 296
14 840
386 894
402 410
76 105
184 604
232 924
342 533
416 894
478 784
719 740
269 290
679 823
246 630
542 568
582 704
90 383
785 828
256 853
242 809
166 440
41 135
700 936
530 903
72 623
555 622
565 891
197 596
443 714
226 634
282 986
568 721
396 725
578 858
100 652
387 445
619 780
671 932
68 835
492 553
458 527
375 399
596 770
836 971
40 550
378 470
38 832
99 557
786 957
487 790
226 409
235 380
7 167
403 427
308 355
813 920
671 835
541 957
268 864
660 793
263 414
247 390
489 653
156 439
644 798
230 559
817 870
229 292
337 695
657 692
356 929
543 857
600 750
220 501
615 646
29 880
262 270
628 915
111 137
261 707
289 781
3 173
106 465
585 795
242 512
220 487
523 697
475 764
265 447
48 62
280 911
444 525
424 903
366 441
148 561
628 694
153 789
698 895
618 635
43 482
530 877
703 752
467 579
379 579
84 627
347 441
237 260
163 873
14 666
529 575
157 166
270 955
310 320
202 280
245 955
115 184
128 818
288 707
219 637
73 86
847 880
107 772
469 997
483 622
151 663
411 829
33 661
136 323
339 705
12 604
719 936
64 196
836 889
124 878
55 562
254 951
723 794
616 713
335 721
451 736
839 862
500 918
54 247
823 952
745 779
682 964
512 850
91 98
574 700
108 969
489 920
362 635
428 996
69 251
55 115
805 954
269 723
517 806
130 982
821 875
113 138
316 909
360 650
407 703
377 934
775 811
525 649
411 645
14 953
66 421
421 872
691 727
886 947
77 560
381 868
305 333
214 871
649 874
57 574
577 861
388 786
787 988
265 751
571 785
118 851
539 992
71 723
582 671
142 957
177 748
53 876
511 747
160 620
546 973
550 569
707 759
290 748
495 556
280 499
127 969
131 471
207 509
91 542
500 878
586 978
29 814
384 540
356 913
53 887
902 974
662 789
34 80
529 762
613 636
115 161
583 644
92 586
128 851
81 535
473 980
362 412
148 287
201 254
307 504
406 440
229 634
420 668
182 309
297 549
710 796
379 412
350 706
823 910
710 831
163 343
184 755
471 525
255 780
24 759
439 464
73 518
46 290
93 707
642 825
5 621
704 769
352 411
120 527
303 673
16 237
421 466
124 992
245 379
124 269
491 563
86 361
484 989
82 651
191 476
77 196
449 781
318 801
544 790
217 680
93 918
559 586
691 710
903 936
27 89
558 932
644 943
293 932
128 945
366 671
421 443
220 223
225 538
121 376
57 680
339 773
277 327
18 684
940 987
307 428
319 865
262 361
654 861
341 546
913 951
12 725
232 356
581 948
122 324
55 802
394 733
60 927
612 671
10 431
552 738
223 438
151 955
486 816
32 158
109 509
521 945
186 654
106 134
235 580
290 811
383 544
36 310
59 605
36 274
178 421
126 860
81 402
363 888
521 897
272 758
570 631
279 817
224 737
304 811
115 318
53 454
11 842
616 715
254 990
4 675
130 168
887 922
251 563
162 812
435 772
570 755
202 357
581 925
229 939
609 744
198 696
662 707
378 393
647 676
32 720
240 322
210 515
78 163
325 461
585 891
112 461
341 821
266 663
603 754
499 847
564 895
49 579
442 602
630 957
29 89
663 764
178 269
784 974
256 787
462 499
372 574
65 961
396 624
331 502
530 579
1 496
403 425
75 380
32 845
287 362
377 413
51 682
164 819
164 281
536 663
855 976
602 603
285 601
458 532
168 459
28 945
103 214
60 325
40 487
252 347
417 750
325 935
127 754
291 841
387 504
242 827
781 833
198 434
8 419
318 587
467 699
532 682
154 210
94 994
602 793
19 246
533 543
344 670
287 537
26 961
42 140
621 875
274 819
661 693
331 827
632 646
382 516
537 680
78 126
531 680
777 919
52 814
311 748
484 950
286 797
680 977
290 598
564 907
769 920
609 948
251 593
634 946
109 979
523 540
54 105
377 572
183 624
191 846
28 373
11 149
478 825
467 691
428 598
197 383
518 992
121 497
795 937
399 755
630 774
880 939
511 684
220 257
448 488
66 861
567 828
224 654
45 915
513 857
383 670
201 519
139 504
315 612
89 538
242 829
279 321
692 930
180 499
731 917
393 559
485 617
213 530
39 884
4 749
26 896
97 132
898 989
213 236
126 953
195 654
307 328
0 826
258 325
532 989
278 595
80 549
114 247
132 962
153 318
401 881
366 697
499 595
87 707
160 660
166 566
207 873
34 494
225 753
110 711
94 306
388 995
635 738
53 462
119 615
353 371
17 420
71 868
15 778
527 955
521 790
694 997
188 747
383 972
95 293
434 740
753 822
735 844
197 810
281 897
165 620
534 634
41 57
56 402
187 709
936 977
583 630
327 330
710 818
464 654
89 157
204 911
263 939
425 755
4 489
654 707
624 693
540 665
294 751
74 938
3 10
268 938
595 640
268 810
275 305
626 815
716 830
726 979
122 833
611 757
464 837
461 617
157 509
260 479
451 905
551 806
819 915
745 907
13 414
69 71
640 696
356 886
878 964
0 688
445 797
611 986
261 580
770 800
279 737
188 383
536 934
347 803
92 105
710 871
131 457
98 294
179 181
58 806
494 497
58 647
22 291
552 633
433 602
675 692
64 410
232 600
579 696
403 801
465 671
129 672
949 966
128 227
385 499
349 538
880 949
523 996
629 971
428 925
103 415
479 617
850 865
432 561
781 835
362 453
386 653
582 602
161 704
82 204
546 621
778 905
570 901
302 893
82 882
297 818
185 788
129 402
913 990
771 963
100 325
224 753
63 158
707 767
671 790
323 570
228 411
333 700
129 354
226 364
396 436
661 973
142 184
174 375
55 338
298 508
15 522
78 261
33 321
56 846
111 169
626 874
327 750
207 879
33 785
243 470
181 257
366 443
751 819
159 892
157 542
173 667
65 280
251 450
449 601
64 506
485 971
290 721
164 849
197 952
548 634
667 816
111 157
534 908
778 930
67 439
86 321
612 738
216 719
320 540
46 665
636 737
27 883
47 357
229 662
597 863
210 264
31 367
727 917
275 657
695 696
369 449
61 133
459 852
277 999
295 525
262 397
281 931
680 870
277 303
86 865
117 542
232 269
387 859
83 279
728 906
40 804
141 263
244 771
262 769
66 659
349 383
292 377
342 973
599 645
250 685
144 862
94 155
414 542
45 306
212 977
125 781
266 604
44 201
37 658
455 970
317 706
610 805
83 147
682 935
145 185
7 720
330 875
96 454
112 769
141 746
266 676
633 879
884 923
274 834
581 804
250 729
862 886
212 945
34 147
531 628
15 890
575 696
111 344
604 808
442 485
222 321
118 458
596 952
529 732
108 462
779 971
344 348
268 734
248 491
176 265
508 948
523 543
204 654
13 219
13 610
832 850
334 968
291 930
272 375
732 811
837 943
55 538
287 324
130 624
242 572
521 659
202 750
396 954
209 968
171 967
169 981
356 668
489 647
598 761
374 762
564 846
705 901
102 992
78 577
150 474
133 320
23 70
688 771
25 249
344 739
420 721
776 866
355 389
339 775
117 150
101 315
158 714
168 568
146 150
246 977
567 648
23 462
150 989
366 794
399 534
172 711
577 607
348 948
284 724
39 753
226 493
68 940
637 651
108 154
135 706
131 783
593 625
158 615
96 952
847 981
44 838
19 445
320 973
145 258
185 396
11 622
432 678
562 681
22 69
556 835
80 318
691 706
264 849
321 712
654 801
559 992
699 931
24 437
603 935
282 999
472 646
502 621
78 535
183 499
371 909
55 989
689 746
695 953
368 947
17 748
375 929
74 92
530 860
98 815
733 817
289 814
379 787
791 809
322 326
308 583
697 715
572 739
461 620
692 760
62 340
715 860
953 991
141 203
240 835
18 652
184 325
56 293
84 971
645 865
173 762
228 460
152 888
199 701
243 772
113 461
305 321
180 296
274 322
109 499
869 914
113 239
53 406
295 376
160 842
21 605
601 685
65 925
616 754
626 878
439 859
343 517
524 760
387 813
198 665
112 848
534 962
351 588
720 998
563 964
338 510
168 547
291 585
397 472
201 450
60 276
889 971
1 577
743 847
45 740
408 589
157 294
860 903
623 882
199 210
538 720
706 889
180 619
91 291
578 844
206 541
782 905
177 834
377 784
524 929
337 422
465 580
368 632
792 866
3 344
417 882
75 658
695 941
584 839
138 769
32 429
327 686
814 856
520 950
233 802
475 656
139 292
123 588
380 661
342 357
111 735
591 811
532 770
858 961
117 996
82 898
28 409
195 584
456 617
145 851
258 972
750 859
278 873
179 567
635 915
31 226
726 801
111 936
114 228
196 932
313 478
62 957
574 860
5 518
129 425
284 330
595 879
83 104
225 263
672 860
55 178
256 438
549 856
192 322
129 476
518 607
475 789
21 649
401 540
7 827
337 669
463 900
284 547
4 509
28 162
340 721
83 159
291 948
61 140
542 613
131 616
502 758
523 958
360 759
415 766
436 539
354 455
336 739
253 341
415 600
321 721
107 805
55 481
96 894
195 710
164 436
193 938
504 922
681 814
216 229
755 800
255 666
354 461
347 715
695 947
482 769
590 621
454 574
22 997
193 348
136 732
278 709
75 631
782 889
664 998
470 816
105 136
424 918
491 771
538 985
70 468
307 691
233 410
145 407
340 952
661 982
409 970
644 752
298 309
102 768
125 559
257 549
100 478
463 672
95 638
283 298
138 693
531 636
139 453
405 481
463 480
419 450
63 224
522 555
372 657
643 850
252 569
47 751
352 424
342 862
146 519
640 657
191 524
293 996
127 663
402 495
173 942
167 298
205 236
41 961
36 214
783 811
288 562
830 992
45 338
209 335
191 327
734 867
512 851
731 867
485 639
582 714
364 658
246 749
142 569
207 784
179 370
467 919
285 750
460 623
338 833
52 474
72 326
155 564
545 556
259 640
298 490
239 624
193 545
104 733
329 912
249 475
380 760
192 351
498 735
339 920
188 813
260 972
491 889
36 416
408 797
287 296
59 272
878 956
611 817
60 147
524 887
256 748
99 999
448 735
787 949
7 137
332 952
397 444
165 221
370 480
128 926
657 985
400 535
218 941
353 498
22 717
241 465
240 630
78 916
327 865
217 335
2 170
19 399
592 966
446 917
195 962
619 927
180 327
473 506
356 897
614 826
419 731
79 361
12 995
339 440
9 860
26 862
45 531
497 614
637 883
296 951
78 223
570 610
428 550
83 448
261 785
414 516
33 846
45 229
669 841
54 736
31 115
268 562
234 512
60 150
117 356
101 547
24 931
157 481
592 804
281 941
48 206
239 809
39 894
87 284
60 372
91 141
487 762
0 6
418 996
466 502
126 955
57 365
331 875
136 890
467 524
429 673
239 572
264 466
630 900
553 690
47 273
134 760
140 809
112 157
558 614
623 684
570 989
93 901
864 983
389 683
507 819
79 709
410 973
40 897
451 874
499 730
216 498
259 659
372 708
266 816
338 792
302 908
133 747
162 349
551 731
32 590
93 722
132 670
419 919
172 293
255 370
144 220
403 471
532 879
48 127
150 818
453 840
726 973
240 552
283 322
706 792
866 874
800 896
219 999
167 171
538 864
8 778
110 602
342 763
134 243
284 390
61 582
89 139
642 907
380 581
277 524
287 503
390 439
389 751
658 919
874 913
43 809
234 919
645 998
613 779
355 593
416 654
505 937
196 793
147 525
49 65
280 440
32 504
181 515
446 951
741 760
490 976
31 135
326 645
267 919
0 683
290 573
188 718
486 688
244 264
645 817
97 681
437 537
129 971
52 432
146 417
192 907
122 224
43 448
221 662
221 367
292 345
511 885
362 998
925 958
262 742
604 943
393 840
321 480
364 885
754 782
31 298
505 689
84 874
95 953
98 672
317 443
316 828
678 681
178 606
637 792
593 701
87 893
338 920
214 703
320 805
188 485
526 619
45 493
350 963
61 941
258 374
690 857
438 538
368 969
357 496
549 761
302 849
442 641
9 769
696 926
533 681
300 466
59 863
146 374
87 213
587 788
697 997
277 487
887 997
383 456
218 707
285 361
419 727
2 540
88 698
770 818
231 636
422 643
499 920
64 369
359 509
56 651
280 506
393 544
352 629
129 688
414 570
50 341
404 493
582 881
51 455
38 704
126 687
33 538
399 403
602 758
253 912
167 419
63 885
164 515
293 415
203 338
605 707
31 201
10 265
135 817
316 839
356 855
317 889
68 894
292 497
179 556
102 346
327 988
492 761
528 855
137 410
218 845
16 250
378 398
515 533
183 195
50 724
393 539
291 434
462 935
283 641
385 492
171 339
452 725
15 932
153 980
343 551
350 359
748 801
89 668
633 636
357 851
686 743
102 330
529 916
265 812
109 909
248 549
281 627
52 648
33 559
801 902
151 584
613 737
54 251
757 884
608 690
593 729
696 703
59 232
676 964
396 874
298 786
419 474
277 527
67 836
221 912
91 848
56 372
585 624
342 463
153 860
302 454
234 358
293 502
590 818
339 970
108 692
167 989
266 527
46 594
454 958
167 897
540 806
743 954
417 516
437 728
91 922
157 534
388 449
392 802
124 207
731 899
232 720
418 759
338 464
774 873
690 932
765 996
27 633
765 816
362 687
896 908
196 709
285 999
101 844
123 184
708 743
256 514
594 819
330 525
457 739
751 781
389 868
769 777
502 542
216 585
493 581
130 464
101 555
129 656
604 945
41 193
312 449
132 555
237 396
9 135
112 694
84 916
45 981
835 853
587 790
51 520
284 867
650 839
131 969
266 847
40 88
307 400
214 842
238 884
246 452
498 725
710 993
691 934
38 139
878 977
929 930
497 566
149 500
118 405
604 631
71 736
44 997
824 839
60 610
77 414
154 306
17 913
147 847
60 185
939 987
162 269
11 220
369 835
592 863
839 847
196 928
193 918
742 972
32 934
461 803
109 349
614 615
478 762
461 891
299 800
182 461
69 754
825 904
476 688
315 496
45 535
243 806
238 567
548 623
351 854
84 203
52 813
643 817
166 630
466 534
68 431
279 852
104 823
109 299
145 957
32 966
2 562
593 838
481 739
335 568
4 90
255 538
56 707
223 899
338 785
41 121
320 854
29 325
434 777
328 922
646 744
306 746
208 497
690 691
236 259
326 377
264 916
582 672
833 975
247 665
288 618
138 824
464 609
205 386
250 885
660 994
532 966
93 740
136 463
699 782
160 396
12 378
312 428
684 755
145 932
115 421
220 559
181 292
375 849
567 626
579 735
267 972
417 898
359 713
494 554
302 765
143 654
314 434
350 807
189 304
282 610
771 855
415 522
36 897
265 956
0 875
200 887
267 785
969 978
499 523
264 472
126 825
491 759
566 912
102 842
222 476
64 993
586 683
72 409
674 836
63 380
267 674
293 615
53 585
271 904
460 744
520 638
222 279
129 135
197 323
237 419
152 301
187 412
173 240
259 428
639 847
843 873
259 459
166 664
396 438
568 856
88 534
494 756
719 976
891 916
128 299
687 803
451 782
374 991
602 625
154 472
242 997
698 853
808 864
204 517
437 654
188 413
525 907
596 945
836 883
535 864
317 551
338 451
2 681
177 627
284 331
452 878
150 680
489 731
366 600
21 45
37 458
209 914
506 718
510 601
374 695
364 488
179 925
279 815
860 992
144 259
675 711
355 374
105 213
196 579
242 705
742 952
52 514
8 770
20 518
67 724
212 892
169 431
391 598
252 449
590 708
617 748
123 771
336 973
521 580
267 638
115 220
168 380
389 734
106 290
14 259
504 526
227 957
673 970
474 556
498 574
323 534
441 798
378 993
314 613
16 430
749 833
919 950
240 490
101 377
255 903
605 834
213 279
769 804
105 379
619 640
54 87
649 852
643 880
195 582
256 951
441 625
52 927
712 894
89 167
422 995
345 601
256 558
232 413
679 689
298 792
681 846
331 386
50 266
326 632
813 934
790 935
375 987
439 717
881 885
528 877
225 659
268 830
414 783
103 825
113 785
23 851
73 116
469 794
57 635
728 993
425 455
143 980
862 894
380 774
91 391
0 273
135 659
687 692
302 790
767 869
575 892
43 618
317 439
375 837
74 565
368 852
372 700
266 347
727 914
357 393
470 745
482 630
232 317
174 534
44 108
35 301
271 288
79 606
268 711
137 333
701 834
558 989
336 753
668 825
415 570
25 886
315 656
368 547
325 894
433 434
290 735
469 579
7 900
70 537
168 870
354 559
549 923
28 913
237 738
5 696
74 660
891 975
82 611
407 874
308 857
148 193
396 662
79 755
914 968
82 825
190 736
113 437
285 350
141 875
190 440
100 880
616 771
50 427
301 734
591 809
2 962
91 710
16 522
465 930
490 642
365 680
378 802
16 145
504 639
891 944
181 771
396 797
823 894
199 628
8 476
571 790
11 15
379 500
317 537
380 662
27 959
412 690
829 910
333 706
549 949
629 730
25 720
614 879
78 200
28 594
86 517
449 819
532 671
422 829
843 989
300 802
566 870
51 342
400 476
377 736
349 365
107 421
742 986
35 294
416 981
322 503
141 499
31 304
485 813
154 453
328 607
550 806
149 526
2 601
337 549
251 380
54 839
148 672
178 708
442 594
41 765
449 540
106 258
423 924
377 591
272 577
337 384
822 863
424 885
217 434
113 949
520 685
358 789
668 967
111 418
459 913
715 876
352 486
276 821
412 910
653 839
36 342
575 859
460 557
635 775
247 748
268 865
937 994
184 412
400 450
224 628
165 576
114 986
24 852
750 857
787 864
552 791
109 646
252 281
236 499
313 381
2 783
178 778
715 939
542 691
118 165
319 330
46 433
250 316
418 810
26 460
12 205
203 817
69 473
710 836
23 56
553 572
186 511
80 268
202 433
199 873
245 763
306 431
116 848
308 850
407 494
312 320
793 963
733 799
654 855
369 878
710 941
248 432
700 804
328 358
486 527
231 249
125 890
33 973
235 358
281 853
953 994
165 957
98 898
109 954
830 904
184 966
616 772
214 928
543 669
155 639
422 870
756 899
112 141
224 471
376 857
324 371
810 841
261 328
91 789
215 996
399 620
744 962
368 529
389 672
424 663
846 896
4 886
746 998
146 970
469 522
793 828
245 990
634 926
78 251
715 818
74 335
218 388
79 938
104 269
679 693
119 575
5 540
579 638
4 77
473 608
788 952
197 619
131 605
123 382
191 683
201 757
771 878
310 498
709 767
388 414
461 885
315 353
246 891
895 991
324 951
276 368
92 987
223 825
301 593
605 628
158 492
370 738
236 929
680 990
355 446
730 816
45 332
223 521
512 644
118 968
816 838
596 908
123 131
88 722
566 751
247 489
528 937
77 969
433 519
601 768
100 601
123 999
643 675
145 635
451 611
559 983
161 359
332 842
407 636
388 931
530 973
229 262
58 307
232 929
0 740
341 531
452 530
127 464
452 525
136 272
255 607
47 615
121 379
757 809
740 786
145 760
375 622
374 681
34 606
774 962
845 958
467 762
375 932
889 900
513 736
388 991
121 787
242 958
167 768
305 999
497 860
65 483
224 792
258 516
398 478
32 709
324 499
51 471
713 783
304 519
44 226
347 511
821 832
351 589
589 941
450 656
74 438
285 662
801 866
272 616
631 656
307 325
149 507
291 711
367 862
162 440
25 411
595 788
729 847
436 946
670 955
238 460
29 875
474 895
28 746
12 511
189 754
262 319
338 382
552 905
67 749
161 992
93 132
108 292
407 862
80 884
319 362
391 697
523 546
286 575
149 270
376 939
258 338
28 638
543 993
580 742
611 925
56 255
57 364
271 348
428 771
133 508
99 205
876 998
162 728
350 925
663 864
2 727
474 717
30 467
261 963
210 224
465 888
280 945
181 980
217 304
725 760
212 437
282 665
362 562
179 487
713 843
351 792
825 845
227 509
122 293
190 855
78 346
320 978
376 854
310 593
158 423
670 948
304 635
197 613
666 793
36 731
387 636
523 833
385 564
60 857
251 507
64 854
329 385
184 705
239 495
397 650
672 918
345 905
311 328
454 995
104 490
92 726
602 877
793 925
985 987
3 846
67 236
700 918
237 804
43 975
626 732
2 793
490 650
907 979
153 361
257 326
404 851
80 349
274 358
697 873
228 612
544 848
296 596
100 766
742 833
496 565
641 720
722 919
483 826
53 637
187 731
246 390
136 596
494 822
48 222
192 834
88 276
35 572
684 801
25 518
873 895
435 967
355 514
42 997
447 533
721 986
179 233
315 463
181 286
161 403
686 705
590 962
625 793
830 887
264 778
26 348
135 137
3 345
387 842
352 376
339 835
366 449
572 912
33 105
194 550
236 860
252 450
397 551
427 438
227 558
702 927
191 584
63 281
194 905
21 546
208 633
82 885
574 809
607 995
897 914
153 775
134 757
577 685
5 155
475 734
529 915
499 662
77 720
132 266
153 982
616 812
50 713
50 287
45 859
126 246
400 943
253 429
509 830
466 664
187 293
102 399
413 822
894 953
86 490
160 824
324 591
305 792
374 843
234 944
191 240
535 712
943 965
452 964
782 795
117 983
427 868
437 601
391 633
123 495
7 829
420 947
92 332
77 706
22 935
292 527
4 213
63 156
379 969
117 608
77 514
452 941
297 889
543 930
38 280
53 109
353 398
445 959
140 732
785 981
546 611
674 789
111 702
54 311
228 568
32 740
38 861
404 921
202 968
374 795
193 663
727 897
275 524
767 857
190 608
219 552
694 737
246 791
652 805
102 385
195 572
417 433
233 690
553 838
633 892
908 927
6 826
453 805
14 530
220 490
125 557
62 294
308 819
85 976
540 960
532 713
482 735
320 965
172 803
417 873
788 801
325 614
482 807
419 690
849 992
180 406
117 594
288 700
137 902
214 264
677 977
746 764
64 459
436 631
219 310
8 400
463 725
622 974
560 746
409 664
738 845
207 815
791 867
495 694
4 111
34 908
7 88
150 899
71 587
642 882
249 283
2 712
360 977
686 920
351 723
681 813
496 548
339 372
219 363
33 720
294 330
754 770
653 904
21 724
491 903
92 718
538 721
251 804
50 843
125 523
194 205
742 938
53 662
819 881
137 211
113 243
766 981
2 147
842 991
257 560
83 796
240 633
399 683
435 922
629 808
98 479
533 723
156 760
302 641
439 975
440 852
34 185
206 533
187 400
524 797
313 960
945 946
344 552
982 987
618 790
98 968
241 691
1 631
847 933
175 643
724 847
615 758
33 822
291 572
168 574
369 887
314 480
186 384
10 520
371 629
339 662
727 903
382 710
229 905
643 900
404 719
20 747
132 477
120 194
57 120
640 778
120 360
445 546
455 504
227 418
80 84
163 918
300 984
873 889
530 868
141 286
240 587
416 658
204 725
537 782
177 325
560 685
5 650
154 583
1 461
382 897
81 300
65 413
638 953
306 483
507 799
94 121
40 780
511 765
336 400
547 661
459 577
227 346
281 465
278 734
282 468
175 364
120 940
73 781
440 579
86 908
239 382
279 532
395 514
396 850
795 943
512 725
210 403
220 304
390 844
126 498
25 858
331 842
966 976
404 897
416 665
7 983
47 867
287 561
263 683
410 763
627 979
135 734
440 838
682 954
804 830
41 160
355 829
147 372
128 331
44 99
379 793
106 192
393 599
105 862
429 869
624 760
496 760
686 846
152 552
720 734
881 956
127 137
637 919
33 980
18 125
124 413
318 364
423 870
226 651
202 292
141 763
609 962
827 866
113 548
421 953
80 429
17 910
547 932
288 912
306 581
37 346
707 782
652 710
131 288
655 775
