950 990
537 852
673 851
688 815
55 57
123 992
11 364
111 337
24 428
142 395
254 697
381 551
479 517
92 663
753 911
148 703
253 686
104 908
711 723
144 768
131 268
112 847
223 631
537 655
3 679
403 701
933 954
434 765
97 471
209 577
357 360
280 965
395 540
421 458
566 616
226 747
186 338
817 946
483 914
269 825
162 228
448 970
182 404
5 213
422 853
565 582
131 215
530 879
755 952
337 723
870 916
56 470
606 769
225 872
50 252
142 415
112 278
215 812
428 869
722 818
202 400
288 685
818 967
75 564
122 254
798 992
170 621
48 128
274 390
1 642
143 676
409 955
607 624
476 767
404 937
551 606
690 839
644 657
9 208
132 732
531 814
336 476
152 525
465 542
151 818
536 827
946 961
134 920
570 902
397 975
191 300
881 933
139 577
500 539
138 271
952 984
154 461
289 306
106 986
200 489
737 924
237 316
451 683
157 605
705 906
248 580
206 514
130 697
91 669
198 581
292 534
447 534
175 995
105 981
281 658
557 822
491 747
782 794
294 303
387 999
320 562
247 768
729 834
277 818
368 398
43 859
745 902
842 898
299 920
231 553
54 309
56 462
256 545
838 839
578 911
190 473
789 898
242 732
412 519
269 361
572 780
664 682
669 858
932 941
158 164
467 494
308 570
467 524
564 714
306 476
292 848
190 949
543 989
274 508
307 988
87 130
146 560
122 230
5 406
163 523
18 570
492 982
326 858
243 959
573 617
71 217
372 465
408 455
34 268
315 575
22 797
15 935
489 944
301 517
40 895
464 818
410 798
89 310
270 657
582 684
107 887
705 799
479 559
99 512
827 946
320 675
42 977
273 607
124 531
574 778
38 517
279 596
188 259
197 720
404 529
768 779
511 931
343 825
337 842
442 788
469 517
461 494
68 511
394 767
341 545
414 525
121 731
693 919
380 414
117 261
170 248
34 382
179 207
374 377
171 545
414 514
641 975
504 908
44 675
251 941
368 776
99 355
249 400
370 982
487 814
243 337
88 977
371 619
100 185
82 993
508 623
496 616
483 756
473 879
431 724
172 799
527 852
101 250
620 928
94 435
460 679
431 900
154 656
193 519
513 606
582 627
21 123
198 856
671 879
88 662
260 747
813 951
140 415
68 405
388 840
514 848
298 871
748 880
267 804
73 763
132 701
345 505
176 543
408 714
567 802
314 422
414 588
618 906
3 23
326 391
841 863
591 735
491 691
295 615
40 311
58 443
93 403
622 949
15 299
30 866
804 817
532 583
150 392
490 748
173 816
139 389
9 83
476 500
91 774
85 796
206 483
577 881
182 610
199 909
197 581
127 366
385 659
130 949
791 810
335 878
369 960
321 724
200 452
579 822
643 970
16 127
176 897
138 704
79 255
399 628
836 878
573 994
296 538
700 703
87 581
35 399
112 951
721 755
543 664
334 660
351 865
393 787
248 843
680 884
450 635
286 308
303 514
52 859
563 599
38 104
491 496
438 447
511 603
203 620
406 889
271 280
240 419
664 841
262 900
521 712
181 536
50 350
561 836
454 787
124 558
826 973
49 616
5 420
127 975
533 625
217 905
156 457
172 676
298 938
73 171
2 609
353 704
11 541
265 465
329 390
23 155
72 715
123 135
429 602
54 463
487 680
311 643
489 987
140 167
240 277
631 663
201 368
212 335
601 910
239 677
52 343
58 746
477 869
545 906
360 471
958 961
392 624
882 953
120 964
241 374
37 713
873 914
406 560
127 668
156 161
504 907
209 653
562 686
460 522
345 592
820 905
213 655
608 882
95 846
80 821
439 793
664 858
616 708
187 225
284 386
343 543
243 552
157 196
70 590
535 617
415 438
70 440
322 651
30 98
111 520
919 960
129 904
612 976
98 201
151 734
495 940
183 278
399 474
340 990
310 545
312 525
317 748
735 751
765 992
201 864
472 876
133 176
153 953
51 97
249 706
138 646
416 744
495 829
242 522
139 837
184 714
284 452
32 539
376 387
304 588
240 533
412 417
365 666
115 922
628 769
364 907
275 460
323 456
917 956
145 330
57 514
860 861
150 244
400 537
704 972
125 212
537 589
607 981
24 723
87 884
548 606
856 967
523 650
1 932
213 516
667 793
193 457
204 429
250 330
191 994
219 327
474 799
522 583
467 850
781 961
861 978
297 739
69 615
71 947
464 547
636 693
94 131
238 335
840 875
17 869
32 589
197 831
63 132
705 914
599 666
47 929
139 880
226 949
526 754
372 653
9 990
346 473
103 937
160 978
178 777
200 809
119 749
182 992
697 881
448 832
716 848
596 761
445 897
270 865
98 207
279 797
680 734
193 734
64 511
264 723
321 842
365 665
246 376
177 363
79 430
191 377
27 716
883 924
161 748
194 259
308 825
340 408
494 559
533 624
6 256
679 888
450 606
344 827
59 852
4 283
381 490
517 826
97 709
610 794
340 810
118 221
166 630
725 810
124 344
482 701
590 952
403 513
196 858
230 400
269 586
35 760
319 862
629 768
423 923
85 378
116 599
203 282
366 581
359 706
61 710
14 540
3 54
417 551
264 999
533 951
339 937
256 293
553 923
24 476
402 698
814 914
354 469
448 935
808 835
545 993
221 886
224 560
329 940
204 775
78 681
89 618
383 769
322 875
251 658
151 356
6 65
360 523
534 971
370 647
779 993
267 352
179 879
576 819
703 861
375 542
134 464
160 903
199 387
578 857
639 729
566 645
89 146
357 680
4 60
192 402
670 997
228 896
201 473
62 399
528 774
14 604
117 591
142 270
200 504
143 352
918 929
140 427
359 497
107 771
854 862
203 315
212 532
85 432
37 831
148 565
104 958
901 932
221 554
43 726
395 754
35 221
362 665
376 462
211 569
65 148
463 783
269 315
53 675
64 753
236 253
194 982
357 914
95 579
468 491
574 657
878 886
609 904
71 592
280 804
780 992
221 776
490 596
443 623
196 895
132 688
449 670
159 678
584 774
404 738
265 747
503 978
587 977
570 759
10 392
2 726
172 947
768 778
574 790
392 685
432 770
169 572
102 848
686 731
622 821
239 442
568 772
94 545
206 359
467 721
193 598
122 723
493 854
283 891
428 635
550 968
67 138
122 169
338 853
207 960
1 674
551 594
773 997
484 492
203 959
153 205
505 928
276 998
519 782
281 562
154 601
113 573
91 235
94 429
441 653
115 741
644 654
62 427
554 642
197 263
468 865
351 370
627 748
368 531
1 146
445 652
558 955
46 225
671 794
587 828
324 569
54 978
116 214
208 757
20 670
405 888
108 840
258 588
735 979
233 471
332 917
287 885
462 475
334 621
133 162
208 809
83 263
139 297
731 896
505 754
263 268
108 642
371 900
459 697
168 231
564 692
437 930
851 913
537 744
230 886
51 447
39 135
179 710
432 441
290 427
195 696
189 905
156 628
90 853
87 673
132 374
163 237
62 441
76 806
315 978
30 36
428 762
517 824
607 949
34 265
591 813
82 848
239 354
477 796
444 564
170 470
59 696
110 334
500 762
269 831
77 657
213 839
85 730
44 663
31 281
79 623
161 446
800 823
300 752
197 597
67 217
265 367
126 701
728 979
464 997
541 810
6 23
92 733
396 753
488 784
29 919
475 759
81 583
628 833
225 235
382 452
644 750
70 122
451 798
101 915
147 263
153 809
286 542
391 597
86 290
320 528
5 287
147 438
222 775
458 624
0 6
262 644
684 756
119 560
220 482
827 981
484 636
122 135
84 530
821 866
394 522
493 528
640 681
256 318
294 416
66 768
301 680
409 765
365 884
199 321
149 456
181 940
137 668
415 668
281 752
627 841
675 686
155 708
326 825
94 964
120 382
215 773
63 980
428 534
216 856
672 979
357 512
494 965
180 380
285 514
13 707
688 912
393 419
72 748
65 596
518 716
447 733
510 841
376 713
281 290
270 584
941 954
782 919
315 787
651 654
664 952
216 713
459 704
452 635
231 531
49 517
300 965
135 493
200 827
118 869
482 805
436 740
98 522
238 707
189 358
141 892
22 957
357 726
344 416
178 299
48 928
349 580
13 836
73 192
36 295
310 518
50 100
199 306
13 925
437 466
371 681
393 608
317 638
407 471
650 662
590 706
407 698
63 170
243 595
607 632
890 918
502 991
320 809
542 597
331 822
416 546
24 364
291 354
693 763
355 761
765 820
297 815
227 819
230 823
415 837
455 657
107 957
648 780
542 766
729 941
145 225
839 941
130 169
296 863
409 893
10 570
220 229
809 825
39 55
632 806
439 893
0 464
396 464
515 780
359 510
584 808
7 999
177 526
129 174
375 392
314 935
385 517
211 534
326 926
310 618
84 511
101 548
497 864
365 996
364 724
524 858
660 866
523 538
395 653
64 139
0 380
117 453
340 869
547 680
299 618
702 857
162 958
26 603
320 807
375 524
233 396
48 56
451 572
846 947
11 577
309 985
363 791
232 426
107 131
101 131
406 988
155 920
110 298
458 947
322 430
178 982
382 907
235 359
534 954
205 883
543 897
192 613
334 619
197 817
78 329
484 918
425 669
756 968
536 703
318 778
112 377
497 637
84 494
801 996
553 618
36 867
96 229
480 782
30 200
278 599
359 869
28 114
295 870
183 348
478 926
501 655
350 590
85 292
288 434
238 404
194 274
624 642
456 855
55 425
376 486
685 845
246 799
226 893
22 574
428 948
53 281
603 995
248 632
418 432
670 888
82 175
297 799
152 725
150 255
94 560
245 526
124 939
397 517
369 419
92 797
497 719
79 674
63 492
922 925
811 833
8 947
244 893
159 970
749 767
120 309
861 999
152 554
475 951
197 670
114 722
441 994
425 611
116 455
390 840
674 732
32 201
34 447
194 628
377 417
890 961
686 822
241 593
326 716
896 996
913 971
110 260
73 412
37 880
878 881
271 965
824 904
938 997
271 626
132 689
3 445
42 579
619 820
946 987
883 888
802 942
405 854
414 619
451 830
711 851
474 681
585 677
26 299
524 922
4 8
8 611
542 806
402 425
362 741
251 371
624 666
405 831
171 423
253 802
5 622
317 656
346 480
131 241
117 372
53 377
17 478
284 737
491 559
61 274
232 785
208 525
282 451
226 391
453 545
427 479
551 796
83 383
494 677
219 866
146 919
624 948
260 848
322 528
122 760
107 999
320 910
633 712
136 438
609 967
160 865
116 301
610 895
330 761
476 829
33 777
321 453
65 814
169 342
387 643
454 846
127 994
108 627
191 244
65 800
212 283
313 328
208 936
266 290
120 970
3 94
249 547
324 416
613 846
110 352
565 841
551 836
44 659
235 463
529 904
387 468
164 700
100 796
261 438
231 718
558 812
160 586
262 712
325 576
108 686
29 950
580 603
138 647
240 601
234 496
482 622
646 964
112 674
98 935
550 816
461 518
456 629
341 621
549 719
18 179
47 587
191 481
619 980
190 220
221 777
55 716
32 751
425 702
144 800
46 713
583 969
507 598
40 480
291 759
309 381
938 969
420 708
160 688
391 702
260 964
479 976
20 230
360 722
8 504
721 874
195 551
304 410
344 793
84 243
455 624
745 746
454 593
166 753
494 909
456 755
287 874
83 894
444 518
526 968
194 300
203 599
255 390
183 614
857 952
407 620
481 717
75 153
523 671
18 180
581 988
125 807
208 276
146 701
652 669
24 953
215 623
508 605
122 878
141 830
113 331
165 590
95 830
592 706
767 772
700 724
113 849
507 741
409 560
62 887
581 911
367 796
875 886
402 764
350 543
681 947
656 889
198 838
790 984
103 544
620 915
28 155
662 821
231 769
8 222
645 803
12 271
157 952
273 941
249 572
623 905
461 821
95 798
964 992
879 901
57 964
786 907
28 71
369 646
14 388
659 801
378 753
816 969
107 441
708 911
14 886
827 965
61 707
23 625
405 879
369 902
161 288
359 507
189 876
357 577
159 890
588 620
264 404
590 724
198 853
212 432
398 739
39 798
17 811
216 822
248 724
536 585
93 886
247 427
321 605
5 564
116 945
184 732
126 350
456 548
889 979
112 718
503 639
450 517
520 691
666 768
415 603
653 656
48 904
81 370
438 861
329 934
383 470
61 85
518 597
928 985
97 759
398 647
516 601
200 473
559 866
594 974
250 821
870 980
61 506
367 592
499 526
234 696
110 348
320 945
305 628
387 874
755 873
137 708
337 741
181 652
127 555
376 626
378 958
236 598
19 542
604 870
420 652
105 769
762 777
66 742
292 434
189 481
165 970
258 897
307 431
214 910
558 889
288 943
847 893
219 525
436 481
441 856
485 546
600 977
110 342
176 336
299 854
146 549
464 806
727 980
20 890
616 963
531 815
408 857
293 386
241 828
501 726
479 726
402 678
373 523
211 512
163 549
47 65
530 712
44 853
609 874
225 935
818 837
46 392
131 226
339 467
193 959
545 685
224 672
439 547
949 951
498 758
115 176
179 545
58 751
224 667
511 625
244 814
329 636
861 907
119 552
78 726
623 745
116 769
555 847
316 796
427 859
646 974
544 603
153 661
295 729
272 680
240 924
86 921
299 912
32 828
852 906
110 597
530 578
719 729
35 134
878 993
462 524
319 417
420 824
67 78
554 758
339 794
34 426
68 947
248 725
929 979
155 441
685 879
20 598
506 766
633 644
448 499
521 818
865 941
296 994
9 548
406 700
441 695
478 763
556 740
11 71
485 518
364 512
203 884
314 970
300 390
241 966
487 748
411 965
406 781
142 261
20 306
1 842
321 813
116 553
128 877
624 714
488 646
202 431
725 745
45 490
709 793
330 472
724 878
185 253
447 744
538 557
655 768
462 997
86 135
712 781
143 927
4 335
211 888
286 471
532 702
32 431
5 542
235 495
100 267
11 772
311 547
668 921
318 383
453 665
729 822
586 749
224 922
105 465
133 576
187 751
182 461
571 818
66 77
53 344
166 178
66 707
841 980
159 734
364 751
186 612
198 481
287 705
392 472
170 606
273 320
133 145
717 808
885 951
135 357
302 581
535 640
720 728
454 621
887 985
499 557
38 523
49 162
96 522
554 618
226 480
244 625
52 712
342 663
830 937
372 870
259 484
204 510
131 987
10 874
468 567
725 991
775 958
153 406
59 297
24 777
268 638
350 402
97 672
365 609
90 279
479 763
349 990
689 967
473 977
915 942
641 896
285 854
416 791
65 260
637 850
840 842
257 596
542 930
45 260
324 539
350 371
51 439
406 713
186 740
656 735
480 632
649 766
65 838
99 557
482 759
324 736
952 993
272 494
670 923
754 815
104 994
186 434
251 508
192 248
280 437
256 270
905 912
388 750
297 322
201 804
56 937
8 480
283 753
503 558
609 775
121 373
66 911
574 907
100 162
822 952
380 431
222 644
688 962
11 746
259 948
167 315
0 885
520 676
105 531
79 880
140 804
1 558
716 909
132 230
307 361
182 741
738 756
737 778
483 718
141 977
309 431
645 669
309 673
189 766
556 620
48 646
425 647
141 607
739 908
269 723
46 906
10 136
14 99
85 915
56 583
14 414
411 717
35 378
84 225
144 640
197 790
41 622
648 790
115 698
387 839
786 968
97 330
274 463
189 430
13 548
598 963
379 667
374 415
46 811
542 992
189 803
685 844
475 812
279 492
232 525
118 845
370 567
176 644
31 606
579 834
784 971
702 894
451 621
117 849
432 461
392 587
77 651
432 815
276 904
94 781
565 860
230 627
132 803
515 875
61 761
84 95
341 845
296 786
256 962
394 498
717 890
334 368
319 766
535 575
394 982
255 356
547 983
31 485
360 786
547 899
421 994
618 983
335 770
267 298
378 765
44 95
7 378
678 816
351 496
253 891
333 609
232 498
593 983
616 731
515 696
469 983
509 966
196 440
88 707
466 846
243 824
831 914
621 730
470 509
433 762
119 361
723 859
668 703
194 319
242 752
735 834
695 712
53 152
142 244
90 211
35 960
226 685
307 866
727 956
742 777
489 490
564 861
564 701
233 247
236 985
70 490
72 554
118 125
58 714
269 619
156 932
656 842
158 522
115 501
601 630
90 857
70 472
6 173
239 634
772 870
576 614
293 648
168 763
578 774
393 829
199 985
325 855
179 484
680 729
330 951
160 310
772 782
230 779
216 307
18 432
87 947
46 732
215 595
495 721
145 324
115 345
661 792
200 841
282 628
873 931
184 612
91 385
318 673
516 978
886 890
410 977
456 833
61 429
23 908
150 169
584 617
245 514
66 762
390 438
312 348
313 322
765 848
50 166
439 566
144 329
452 906
286 658
363 719
67 386
569 627
563 907
539 773
301 808
192 247
43 892
717 911
205 759
255 483
277 922
422 821
603 626
261 680
43 264
331 332
311 782
41 252
791 874
34 815
7 444
488 633
544 899
205 457
303 688
581 712
886 962
355 565
35 512
178 776
431 510
459 565
173 711
47 606
421 855
82 299
715 780
32 787
260 993
489 915
33 201
496 996
87 203
913 951
92 591
22 79
538 954
128 587
545 602
175 457
99 756
677 896
131 937
620 889
204 274
53 174
613 622
256 536
565 847
644 980
221 934
160 535
137 414
706 942
25 594
551 702
228 476
598 608
517 839
580 722
114 754
736 775
368 383
624 933
583 604
156 929
464 891
305 317
375 953
599 899
151 752
228 602
200 731
188 249
392 769
323 506
450 523
594 891
185 571
176 768
458 527
770 925
594 922
76 228
321 675
73 127
178 729
653 910
282 842
511 674
186 611
486 532
478 636
173 730
49 906
929 942
219 716
639 699
127 165
219 486
155 346
333 559
212 428
595 710
54 458
17 736
268 644
504 632
98 234
148 806
100 492
209 429
128 319
200 484
256 419
411 970
765 881
96 193
445 692
255 500
150 991
147 869
373 611
131 710
937 959
210 452
389 639
661 708
213 767
375 544
632 866
749 786
99 883
295 545
550 927
397 429
266 894
505 576
708 992
567 951
777 997
387 403
447 536
344 981
613 911
562 698
662 715
10 933
207 860
604 912
158 641
222 570
214 664
231 630
518 627
273 361
366 777
690 814
313 671
510 577
72 637
627 704
560 734
293 714
772 978
249 413
137 472
153 983
38 613
556 736
97 593
830 959
227 872
125 892
895 987
469 884
60 96
588 794
8 654
440 780
633 689
122 546
513 881
552 627
715 847
108 792
165 290
103 392
162 581
410 636
458 568
294 628
554 883
775 915
215 889
47 522
593 904
418 996
827 975
322 674
691 782
466 856
73 569
587 600
150 588
71 349
46 644
601 699
474 879
768 868
689 915
643 946
509 991
336 364
686 967
10 362
180 468
218 893
101 170
604 833
182 758
675 805
374 826
57 758
201 626
826 890
541 821
402 836
552 812
90 131
452 590
141 411
359 984
86 304
489 529
42 640
672 717
445 850
203 443
644 908
86 181
722 887
259 723
71 477
567 628
203 218
372 696
356 629
286 408
794 937
775 836
799 929
374 905
349 650
910 929
110 993
348 880
185 607
662 956
30 584
229 585
154 953
282 784
662 690
422 456
197 979
645 909
550 997
635 999
565 899
245 909
609 675
212 477
216 433
598 874
369 456
184 524
761 818
423 660
82 860
232 839
631 877
100 980
88 427
331 679
592 653
276 680
201 753
769 893
119 539
260 368
904 927
689 784
722 796
112 582
344 878
773 862
226 573
194 353
314 526
384 967
118 660
320 999
765 892
89 656
364 809
291 917
53 713
332 435
80 369
141 143
294 715
369 489
420 683
15 804
2 133
1 464
581 805
246 247
238 962
56 507
122 605
560 938
557 762
279 735
195 876
489 774
143 943
330 363
178 697
519 532
831 983
885 988
131 917
155 235
445 644
51 662
574 766
675 989
337 724
532 954
80 952
248 373
575 704
753 963
401 483
584 637
523 818
735 925
6 512
452 890
156 904
274 855
479 844
168 302
256 920
52 872
425 689
120 264
84 481
235 370
7 567
171 737
448 882
473 889
715 961
469 693
548 620
451 744
46 744
619 664
654 671
343 536
9 448
282 608
93 978
12 869
337 392
101 220
574 841
109 802
154 290
262 623
367 702
713 798
684 765
462 772
707 998
115 507
7 75
141 452
10 405
743 816
403 918
244 315
776 844
134 398
21 930
748 984
741 813
506 782
244 497
278 556
594 746
64 954
173 205
579 758
568 927
323 674
845 989
41 567
317 765
47 176
276 690
383 783
90 165
642 939
761 920
496 707
18 912
544 661
469 772
123 389
149 699
712 896
490 631
607 937
465 948
654 991
37 742
184 774
416 554
123 315
689 971
59 374
36 235
603 705
726 808
94 859
227 807
717 755
438 692
324 739
158 330
82 252
367 856
436 921
273 559
314 588
883 963
118 373
351 977
175 511
55 622
283 370
477 781
352 571
521 677
310 679
7 392
283 727
601 719
0 226
631 941
540 866
265 904
607 984
242 512
470 650
134 840
285 915
637 669
190 838
501 666
26 222
245 505
105 846
105 577
72 560
46 964
302 426
230 762
261 824
274 731
760 826
111 923
27 592
101 866
119 783
357 367
145 612
214 250
459 791
708 883
106 351
129 200
409 782
670 892
166 958
402 785
325 927
306 896
270 349
53 172
469 539
614 762
504 976
217 315
277 768
198 471
383 750
792 953
532 845
491 815
363 569
276 642
246 524
516 949
121 874
343 921
13 683
309 517
526 660
780 832
155 382
539 603
133 556
17 683
498 753
117 508
136 419
666 759
182 887
182 456
195 230
139 891
64 151
770 896
283 925
239 630
464 763
147 500
133 901
350 641
18 770
129 130
143 436
190 970
30 372
612 778
270 919
503 983
421 625
57 231
551 861
367 648
795 977
110 867
218 696
103 714
585 988
34 728
98 110
758 877
677 722
147 578
12 920
203 595
106 329
456 977
474 785
341 773
247 469
351 559
536 899
732 936
17 675
118 126
127 876
3 202
502 905
132 269
335 774
104 864
672 794
268 433
206 810
57 609
28 521
564 760
49 420
96 648
66 766
222 545
577 994
99 251
231 431
205 872
736 919
661 713
95 760
570 981
590 653
681 980
111 740
597 884
141 597
559 980
554 715
61 105
204 483
312 914
184 788
471 707
133 272
385 420
580 753
233 955
287 695
159 267
216 380
43 521
23 814
433 529
538 929
412 591
94 255
234 678
149 792
416 941
634 713
214 801
109 466
162 800
67 396
321 776
364 635
449 650
83 739
331 668
274 973
419 432
462 529
654 673
611 947
90 598
661 891
127 812
352 612
641 749
31 962
667 877
527 678
417 468
799 962
437 935
221 425
707 955
361 683
647 980
70 308
245 321
314 409
449 666
22 442
405 767
405 645
72 435
524 893
205 487
44 642
470 774
216 481
251 777
757 842
503 898
180 495
494 824
625 905
279 512
68 280
36 825
461 925
260 801
354 817
288 398
63 460
28 868
645 896
91 279
530 755
594 935
377 770
282 429
293 396
816 913
573 950
641 850
253 411
117 652
71 292
515 883
707 736
263 604
381 542
136 695
289 424
71 802
436 807
146 350
71 623
616 652
415 922
574 870
293 532
218 399
528 926
135 791
517 530
577 685
5 110
218 429
264 277
281 700
437 779
60 402
406 851
29 125
251 821
51 705
269 544
105 424
195 240
77 215
109 252
115 654
362 872
896 978
177 502
679 939
309 433
351 512
380 840
13 637
631 688
527 719
824 957
505 951
416 518
526 582
237 771
485 993
109 889
464 611
418 495
79 902
254 928
120 591
580 986
134 970
205 268
578 849
153 381
83 797
665 671
675 794
20 254
364 632
448 909
327 680
230 295
575 759
351 836
174 696
182 283
144 552
387 994
482 768
147 565
170 917
582 593
317 837
949 965
553 875
232 749
44 907
462 666
650 971
19 369
653 825
201 969
557 940
39 315
60 462
956 978
633 890
923 950
79 888
251 632
0 115
22 865
396 679
41 367
682 762
387 507
767 940
324 828
496 881
715 941
23 958
271 943
194 914
245 993
435 496
626 902
843 848
596 925
318 874
316 908
55 432
200 767
596 995
228 876
92 592
170 402
615 793
698 881
340 943
775 875
792 853
640 677
48 954
274 589
624 905
57 183
950 960
609 955
485 898
184 342
429 706
97 397
499 795
191 278
153 738
530 966
6 996
406 523
112 302
681 927
369 864
329 336
166 945
65 636
172 430
212 407
230 504
82 609
651 887
273 390
393 592
272 751
588 795
158 242
259 839
521 628
55 857
221 309
154 946
286 937
46 470
149 701
758 902
554 783
408 997
296 390
0 568
142 940
300 364
183 975
56 491
546 604
265 266
119 420
211 406
34 709
804 858
58 735
870 968
318 964
260 278
631 708
181 202
571 897
106 854
345 872
515 828
243 781
94 363
553 657
121 263
277 691
473 778
687 794
0 652
112 631
172 264
262 445
185 727
581 694
292 919
279 807
522 747
841 940
237 493
358 851
108 542
582 987
673 675
673 728
327 840
304 943
364 918
91 741
104 435
673 748
304 354
454 907
826 847
416 647
340 498
126 449
114 393
383 418
111 789
91 468
303 748
667 763
504 666
111 770
136 292
518 998
425 440
452 618
452 624
34 965
161 950
695 766
149 275
113 416
557 612
236 915
305 999
323 582
45 856
94 500
181 964
498 621
303 742
240 366
626 755
57 683
449 787
105 414
218 950
182 562
127 418
432 477
412 770
108 626
202 457
126 991
518 624
260 612
204 279
34 979
662 831
444 970
112 549
414 737
119 919
247 977
338 806
31 108
139 218
28 86
212 693
19 212
188 983
468 824
540 803
723 854
298 466
693 930
199 430
319 344
321 350
40 566
128 597
500 698
89 586
726 782
97 798
338 994
433 819
158 973
13 974
440 696
663 741
722 863
67 524
182 226
100 740
220 266
49 118
138 919
704 997
854 921
447 915
192 880
86 703
205 413
253 716
205 731
928 994
518 594
128 347
87 744
228 362
278 660
480 579
184 416
689 928
375 390
935 957
395 607
638 812
354 808
14 417
85 412
32 294
641 930
27 512
80 741
389 740
222 371
139 671
406 600
149 829
327 786
84 287
181 722
451 990
76 869
356 513
281 650
563 897
291 410
590 723
332 503
226 464
135 554
312 365
87 546
415 461
332 545
702 866
153 267
208 695
22 564
561 655
566 810
209 219
161 220
75 932
396 845
301 751
667 884
416 971
213 229
386 898
440 775
394 764
946 972
320 442
355 888
454 976
165 547
663 738
60 947
258 813
115 344
9 580
134 777
551 699
7 290
134 597
713 730
676 880
37 322
349 925
29 325
195 731
224 746
284 933
694 746
390 542
213 904
322 347
681 873
40 47
163 996
174 246
55 710
274 747
623 729
25 759
108 300
306 524
591 855
161 901
55 689
643 903
959 965
602 993
190 649
33 706
208 646
708 952
578 615
344 455
202 832
455 502
761 941
148 379
352 540
394 401
44 595
297 907
361 899
551 900
285 901
257 899
493 561
460 607
140 414
694 805
599 612
540 548
374 927
40 78
441 819
415 472
121 837
550 674
373 926
101 626
211 711
525 705
484 624
165 764
250 322
458 849
7 935
661 741
286 781
91 106
574 916
411 873
37 547
410 961
415 473
478 913
102 741
259 749
0 219
29 933
201 220
675 881
76 325
3 781
6 241
278 766
80 553
41 378
429 847
325 414
508 695
444 779
119 350
404 796
380 998
625 768
293 858
443 721
183 224
76 424
230 843
55 135
448 923
770 865
229 632
447 924
492 578
611 721
517 929
309 367
867 992
429 512
203 873
234 738
449 662
32 515
505 570
519 780
370 385
550 599
17 349
524 861
245 928
209 472
114 191
870 982
299 536
494 739
80 524
477 974
743 992
6 600
525 914
284 381
262 283
631 884
633 760
492 913
357 964
471 474
344 508
44 805
652 995
520 783
612 732
494 827
852 957
428 871
161 377
508 640
392 444
271 429
504 764
342 861
80 168
588 684
490 512
860 984
142 767
226 380
732 874
406 689
186 726
455 912
347 420
447 791
164 719
573 668
267 835
267 881
436 918
208 948
192 408
808 902
312 540
396 480
766 886
85 844
424 997
300 771
747 770
915 934
488 818
5 603
755 836
191 625
754 833
492 514
377 652
41 768
193 249
437 959
487 874
804 912
456 872
35 642
302 555
374 928
790 883
731 898
356 720
441 474
189 285
919 989
757 938
483 960
358 750
198 794
624 950
462 848
406 849
842 962
152 771
294 688
419 654
192 374
776 986
201 317
271 542
209 588
549 651
10 44
651 839
275 560
374 789
124 196
223 966
375 510
89 198
670 744
214 617
470 745
552 671
415 824
3 213
385 865
430 904
227 555
269 787
58 831
161 307
384 606
116 625
112 715
134 314
284 811
253 381
305 796
77 518
462 800
704 735
892 962
513 612
101 795
572 614
102 530
79 351
463 647
146 313
949 957
597 649
591 979
896 902
331 775
766 927
146 502
390 632
596 816
904 918
391 828
493 884
235 358
5 924
50 71
319 999
268 380
649 971
599 903
219 727
587 986
654 733
638 840
123 656
234 379
625 926
207 811
470 566
395 398
449 923
594 818
198 448
449 863
170 462
353 741
189 292
196 727
25 919
500 834
421 576
854 880
87 398
5 416
616 929
786 865
313 523
738 984
506 763
468 553
94 248
112 327
137 290
247 477
175 637
869 898
29 296
399 957
314 517
485 815
243 680
119 271
345 608
460 857
114 762
280 714
392 857
42 147
529 641
519 624
816 874
388 845
523 697
40 244
12 411
607 878
91 149
78 789
288 757
224 249
50 530
907 938
332 922
55 804
31 973
675 789
258 415
781 987
113 583
173 477
51 995
436 438
515 553
579 662
803 829
853 886
177 711
113 985
168 861
141 835
551 816
809 976
232 315
697 942
116 899
246 526
519 962
36 72
477 616
87 632
325 797
838 860
502 951
716 845
339 471
22 551
155 879
184 387
126 195
436 446
594 962
44 466
432 925
538 754
400 977
549 739
303 577
157 409
607 880
351 873
424 946
453 725
656 909
203 841
388 629
334 649
45 592
517 800
477 691
623 878
362 668
779 971
189 291
129 171
2 148
94 522
248 779
435 547
509 740
897 990
722 991
232 314
32 36
183 865
723 806
95 744
521 875
715 812
416 844
564 984
199 858
10 978
106 909
765 968
2 755
724 865
449 746
38 134
221 834
909 999
95 379
653 900
369 970
65 738
401 565
116 302
259 312
94 718
211 573
575 686
318 903
64 299
337 353
539 550
550 910
448 642
454 997
319 542
175 607
57 740
359 360
620 857
23 303
338 596
376 515
172 833
279 471
250 984
161 800
423 523
324 702
65 699
778 960
18 953
75 919
45 280
254 786
809 900
558 590
406 425
930 966
245 610
212 753
230 914
13 105
67 690
755 781
559 767
715 785
635 864
213 910
267 999
164 167
74 161
