83 169
403 800
233 913
456 561
224 993
500 760
948 966
784 913
104 397
143 899
87 175
440 924
164 523
37 521
366 637
364 806
449 517
209 715
102 122
96 523
283 699
596 665
509 583
450 687
701 906
434 830
622 788
358 952
145 747
782 825
114 542
915 940
59 501
161 630
153 624
257 323
205 788
723 988
66 790
325 762
492 592
280 759
469 567
585 712
217 762
683 847
304 787
598 715
229 289
229 913
734 838
588 875
44 576
462 598
361 719
211 787
305 546
224 843
368 780
585 937
136 895
199 268
866 923
267 564
447 848
534 829
417 686
82 409
346 359
65 545
72 332
628 730
231 823
599 954
243 956
536 851
379 804
50 655
22 669
219 822
49 517
356 556
117 818
164 990
828 887
229 253
209 572
335 803
33 289
754 989
290 885
616 840
94 242
271 468
264 843
133 642
244 998
41 62
32 467
227 648
808 919
843 901
236 370
646 755
400 877
744 762
42 936
488 731
2 530
146 957
197 599
280 441
321 950
504 769
83 705
417 625
670 891
261 468
467 906
16 136
112 219
262 898
400 629
283 750
59 984
181 429
11 61
313 623
383 479
82 88
500 562
65 805
522 886
419 429
705 787
565 924
252 815
538 652
641 797
287 781
69 700
63 314
130 289
376 865
459 768
306 330
311 371
488 833
609 907
314 614
179 694
591 946
129 347
144 951
590 770
277 823
591 659
790 886
263 881
1 7
74 313
385 684
37 172
570 646
185 431
125 313
716 904
63 424
385 727
207 508
317 836
331 977
428 569
119 661
126 184
258 662
698 792
829 995
566 870
301 475
103 140
779 819
44 555
782 883
282 442
290 951
279 973
59 928
399 542
72 727
86 878
337 670
685 785
7 499
326 603
661 706
467 792
863 877
112 347
981 997
287 555
186 932
213 260
155 597
21 612
490 882
107 571
244 512
11 256
604 859
265 690
509 917
57 795
724 756
722 907
737 814
9 21
352 622
234 301
199 777
322 659
689 782
202 582
191 378
565 982
50 255
247 320
116 656
467 841
726 764
563 853
572 893
597 875
194 461
899 971
573 660
702 982
707 917
86 256
108 821
68 510
429 668
545 830
649 676
386 441
376 949
269 294
521 874
420 866
117 983
744 995
43 78
697 750
953 995
188 455
127 257
556 966
148 277
453 953
192 798
394 526
41 493
147 367
365 914
140 897
483 884
245 878
314 942
628 662
817 896
117 375
426 435
283 703
584 736
656 734
280 403
612 774
759 796
493 710
124 633
959 960
205 869
184 837
466 499
747 846
315 635
61 122
405 751
116 335
124 494
126 421
33 879
675 900
144 746
268 738
50 379
580 601
417 607
106 137
235 335
854 870
328 650
283 401
86 751
88 932
861 876
58 755
311 894
38 783
57 873
436 659
239 923
389 882
526 656
244 988
194 861
466 512
750 875
265 961
354 853
729 893
215 303
462 837
614 620
500 671
511 845
460 768
750 849
2 759
376 990
3 237
469 537
101 412
367 571
373 425
73 618
288 506
343 921
536 750
315 603
160 559
19 466
217 280
221 282
597 976
331 625
162 186
640 800
372 926
7 651
80 149
269 655
542 720
823 999
78 666
778 990
244 827
9 107
461 582
742 789
179 367
120 718
273 881
358 807
365 645
146 458
79 797
517 801
152 621
340 700
118 819
42 998
363 403
176 457
199 986
165 966
438 918
235 799
593 711
708 958
310 416
459 854
8 495
117 329
512 669
169 683
140 563
681 855
491 966
383 952
42 701
470 961
140 705
112 851
423 651
313 560
191 766
687 773
102 774
156 639
123 677
322 615
356 592
558 822
206 847
241 511
907 981
47 202
38 667
41 251
90 163
281 355
480 929
56 320
582 828
57 695
369 857
449 673
495 725
8 924
53 871
166 961
204 720
360 594
387 963
636 829
126 991
408 463
471 783
405 464
511 964
814 821
487 880
623 958
335 983
388 882
400 854
410 701
121 414
4 860
377 640
504 690
153 983
806 912
288 728
252 563
378 591
426 823
49 865
552 781
16 32
293 886
416 994
537 648
652 760
138 398
440 645
628 994
593 906
435 881
986 998
486 577
376 912
400 594
534 961
498 993
550 791
231 318
138 879
208 898
883 958
388 528
382 398
157 343
640 944
576 626
62 294
23 555
308 974
935 969
467 842
280 744
611 863
414 749
94 622
978 999
388 580
330 506
15 770
673 763
250 311
389 606
297 312
629 639
605 950
447 926
207 417
28 543
422 957
129 517
129 932
512 847
353 869
195 991
721 868
32 754
470 496
783 990
793 971
398 422
348 921
197 339
92 907
330 719
201 401
199 333
46 330
198 551
393 751
824 894
613 649
84 857
199 497
290 867
171 641
40 92
341 589
601 783
33 855
283 434
56 482
738 768
880 966
641 983
535 711
324 808
17 536
33 408
216 627
387 675
67 620
832 962
656 967
689 915
198 822
230 476
32 244
912 968
562 609
273 895
55 497
33 597
6 72
67 289
94 633
28 254
162 212
170 568
180 483
212 354
33 688
65 585
905 932
329 494
576 867
119 364
632 716
704 749
74 816
60 345
263 374
425 666
234 586
118 947
69 159
102 825
762 847
131 519
667 848
886 977
96 424
408 602
165 352
113 239
458 520
299 783
184 965
123 208
156 551
241 620
66 667
74 867
180 593
848 998
328 793
86 570
689 776
941 978
393 443
181 913
480 902
86 697
257 798
209 349
765 803
785 970
221 396
402 652
2 342
487 602
40 682
57 459
81 388
400 474
831 933
733 740
766 789
172 564
46 733
164 913
235 888
110 949
632 953
326 864
818 955
638 813
858 871
97 940
259 849
90 766
506 783
176 549
295 700
465 694
378 785
210 674
159 966
136 598
352 464
419 924
170 737
28 409
858 960
320 571
60 439
14 843
542 945
593 744
209 242
27 639
849 939
53 905
189 360
824 855
131 541
595 711
5 221
92 533
215 764
105 275
119 203
118 501
13 214
94 255
733 775
67 634
582 688
294 972
180 229
118 771
311 713
834 884
70 278
286 418
43 523
561 598
32 994
7 99
246 545
374 614
600 630
441 564
288 765
858 870
297 976
641 961
42 827
112 845
263 458
398 853
138 312
451 484
344 903
843 942
448 457
79 316
58 109
698 995
227 854
524 568
182 561
224 485
331 741
199 337
87 946
52 85
399 503
743 921
758 765
38 207
354 574
638 984
633 816
43 683
603 839
22 567
53 517
246 258
736 935
457 682
375 509
119 774
41 364
123 870
806 908
380 682
614 672
365 430
400 657
473 497
355 393
871 872
117 446
182 482
405 939
216 780
336 800
517 906
128 377
183 992
36 674
3 915
632 698
355 433
32 259
204 388
75 652
450 612
95 545
302 632
200 386
82 187
340 536
56 913
48 469
448 857
74 716
212 772
348 646
127 733
257 684
473 909
85 759
656 711
532 695
919 958
392 895
432 458
85 514
697 906
498 562
636 763
214 976
760 914
239 974
583 647
472 923
35 844
555 558
442 691
2 250
145 713
171 394
479 577
37 627
385 951
125 501
691 939
699 829
155 605
605 939
214 738
77 582
249 987
137 293
387 782
295 495
532 689
462 667
56 521
258 441
8 566
759 947
609 940
566 999
95 938
185 523
152 601
754 767
256 940
47 722
342 643
218 528
237 383
256 342
293 783
515 653
626 701
601 662
600 919
14 228
752 890
200 394
319 705
148 645
195 576
571 720
290 889
451 625
145 527
172 233
100 280
333 826
79 779
995 998
224 731
364 621
328 916
367 385
236 516
164 382
63 102
87 305
392 891
271 282
36 515
317 444
616 622
47 650
401 646
45 484
222 409
457 902
326 824
287 914
340 669
430 756
124 517
61 516
343 408
140 797
210 584
114 178
116 206
225 959
114 622
443 688
32 900
590 710
76 229
417 624
251 406
173 375
586 923
243 684
281 383
481 843
595 967
22 525
63 599
178 836
222 631
606 866
531 809
316 608
38 292
289 377
698 902
664 973
260 840
121 657
138 643
963 964
85 338
149 488
677 938
327 512
308 545
118 192
354 786
152 393
78 881
34 776
699 783
101 975
759 959
448 954
764 897
917 983
103 758
393 484
163 435
95 257
375 708
63 287
161 791
591 808
672 842
367 807
820 893
204 782
230 579
159 829
347 428
164 450
186 648
195 973
452 811
69 871
179 708
340 934
94 852
524 931
650 937
182 684
466 470
402 739
49 250
231 396
395 678
198 217
43 745
190 206
197 611
77 376
12 672
68 524
351 458
48 747
1 732
823 930
21 551
225 952
271 456
700 949
851 898
166 246
643 709
192 452
320 530
344 920
894 988
352 868
269 691
44 452
353 382
256 867
403 445
208 674
253 908
457 975
142 158
703 801
203 508
345 875
38 265
220 284
440 605
296 988
440 709
340 415
560 822
577 671
5 232
258 603
492 931
651 715
73 771
628 804
150 279
503 669
723 767
373 953
164 941
21 225
362 382
556 640
274 664
279 486
248 441
740 889
372 957
391 797
80 196
359 425
698 929
28 465
333 652
168 190
212 274
8 746
574 738
200 565
51 402
2 479
720 844
217 743
29 134
14 109
440 682
732 820
721 848
198 725
181 388
808 894
640 952
526 816
730 733
78 485
136 557
487 981
230 630
198 659
212 717
121 751
4 941
484 725
34 142
451 675
422 697
483 727
652 689
419 605
522 904
392 593
223 503
701 974
235 691
265 356
622 795
279 649
347 791
150 313
87 819
199 302
814 888
420 954
308 692
104 564
214 697
69 308
273 283
122 860
326 387
121 568
217 361
61 400
65 361
180 211
153 411
319 834
141 651
91 959
547 833
47 876
184 245
116 870
238 467
730 794
298 977
691 915
668 867
228 752
315 733
238 408
243 726
558 730
1 736
41 569
549 917
146 968
102 436
16 921
26 746
3 715
396 983
46 263
651 798
492 736
114 252
192 975
847 885
583 922
886 964
435 504
472 881
335 581
908 949
257 934
47 324
290 443
336 659
310 707
135 551
47 601
155 374
355 793
259 716
145 938
32 443
913 933
267 514
176 249
464 858
462 863
182 752
194 307
366 441
504 928
269 903
424 529
322 629
779 888
70 390
386 422
319 865
132 688
185 289
1 660
123 147
681 865
524 875
316 875
732 890
159 244
125 987
617 935
67 800
190 857
137 595
354 965
653 914
452 838
499 942
441 805
622 670
474 497
194 702
166 436
434 762
773 947
240 883
40 742
600 950
439 582
195 547
145 462
552 983
266 846
71 482
104 287
94 114
640 954
120 816
77 602
24 234
375 474
118 259
209 514
70 449
0 617
145 996
431 549
481 697
747 963
121 387
68 215
374 501
317 855
846 932
80 919
309 646
568 907
764 773
130 186
130 222
571 804
235 628
109 472
219 285
72 406
492 606
459 621
476 866
712 776
47 761
70 145
404 694
638 810
177 768
400 997
153 251
879 971
388 795
340 673
14 764
431 621
52 257
80 475
209 881
540 642
608 685
64 654
89 702
465 618
814 823
74 370
693 967
305 707
488 645
503 733
164 409
18 476
217 908
98 846
386 469
78 92
156 423
732 864
549 858
33 482
715 853
459 682
546 764
35 742
475 761
523 890
366 639
208 893
274 739
96 658
477 750
174 900
258 906
117 764
160 247
150 875
452 962
350 910
4 78
385 840
479 627
470 715
960 993
620 679
337 700
177 716
88 242
78 346
194 852
364 463
793 966
240 245
502 928
6 596
333 506
198 337
306 807
226 838
278 926
346 528
455 616
588 885
314 793
80 130
157 225
96 749
376 471
419 603
461 734
285 752
65 798
550 958
128 724
2 796
54 324
349 862
289 292
99 607
179 434
89 592
537 757
228 693
297 913
284 909
169 187
245 867
15 315
247 722
340 948
936 984
35 590
24 943
32 567
324 616
569 662
834 904
903 959
69 186
6 822
527 978
9 845
124 677
372 861
553 751
672 687
262 537
481 722
287 289
255 865
435 965
869 917
621 876
124 807
483 946
276 630
362 991
474 487
668 687
211 771
129 458
146 533
433 962
822 828
140 688
606 615
9 236
486 834
132 396
26 969
331 409
235 369
170 390
381 922
161 514
265 620
643 763
153 958
196 327
236 786
467 753
194 829
29 341
315 737
513 636
115 274
319 837
490 509
227 783
223 388
297 488
8 293
513 603
251 799
389 841
388 660
142 582
835 841
508 963
477 925
144 392
103 816
229 613
456 658
396 881
46 845
205 722
325 339
71 590
264 477
331 865
825 924
118 799
660 763
585 626
123 592
47 330
559 939
597 660
368 409
213 830
455 552
146 770
230 841
88 707
105 419
382 572
244 723
256 500
478 838
194 782
524 601
830 892
435 842
803 841
251 672
58 368
139 576
556 806
332 644
513 790
415 437
11 524
376 513
268 351
814 854
134 808
690 964
52 125
806 894
281 410
649 918
494 820
140 377
473 653
166 373
615 789
139 956
469 800
420 867
172 721
306 586
276 881
622 934
754 781
35 180
98 543
36 363
177 944
92 597
2 466
116 617
424 607
108 759
245 975
417 532
48 118
282 724
698 747
568 853
479 748
22 240
198 276
494 738
453 830
92 455
560 648
255 424
336 884
367 581
211 899
612 998
17 74
116 894
462 773
252 969
209 562
627 760
365 838
254 291
195 698
99 196
610 875
451 946
760 818
69 878
439 935
829 952
77 555
643 877
205 682
86 309
317 924
572 674
221 568
19 622
233 417
869 894
6 531
39 411
330 461
265 289
593 900
95 455
23 90
332 705
296 771
14 613
47 688
537 615
160 909
327 986
745 881
276 548
887 939
569 687
328 400
300 835
274 282
108 297
372 440
2 20
16 563
611 986
523 704
578 965
35 565
644 780
37 57
96 484
607 884
425 794
537 699
76 997
348 800
350 437
353 821
159 366
422 964
682 894
70 387
32 811
609 850
259 576
60 999
606 708
297 485
186 752
536 828
183 884
628 972
234 801
325 600
641 960
374 995
761 888
65 699
145 267
74 661
660 879
134 939
618 783
370 424
960 969
152 550
178 844
430 477
332 802
292 382
756 796
639 684
56 869
15 383
44 676
89 555
56 575
26 494
270 359
396 680
230 298
185 426
662 829
161 856
238 464
260 805
797 994
215 296
680 853
230 529
76 671
436 485
282 599
310 511
260 552
134 990
175 558
387 560
768 837
654 900
6 706
266 352
563 855
568 708
150 595
23 590
26 174
508 773
309 372
83 213
425 984
348 894
601 908
634 790
534 677
35 444
63 592
447 740
308 978
156 573
746 810
336 596
124 457
461 785
181 896
165 999
322 347
59 275
607 693
65 636
580 862
172 672
764 925
255 972
424 480
234 828
578 776
702 923
384 585
488 766
281 839
603 931
343 538
145 878
36 295
616 782
157 806
141 434
113 570
689 994
593 869
523 580
503 998
225 583
65 888
350 521
633 904
124 442
354 976
365 940
74 649
159 333
232 826
593 802
635 939
148 884
80 856
407 854
936 985
176 790
50 492
307 697
125 821
101 454
41 527
171 176
115 856
335 347
281 683
501 622
1 268
124 859
434 618
331 370
121 603
546 654
595 613
90 313
414 768
295 544
67 456
471 923
159 924
271 607
124 440
581 708
126 440
184 560
59 515
14 282
828 988
20 601
333 775
543 692
588 748
556 838
309 656
479 932
102 820
260 539
227 472
320 353
857 913
265 324
547 724
690 713
711 727
314 502
44 358
45 144
235 947
700 955
532 544
717 887
634 778
861 977
250 650
515 566
507 831
191 231
730 882
457 944
593 611
959 989
356 969
134 268
186 591
488 575
462 718
205 353
534 592
566 843
133 184
43 710
316 902
47 627
136 923
81 856
168 886
70 208
524 556
468 476
52 743
461 956
513 866
166 811
399 733
6 936
218 716
886 979
958 970
458 933
790 882
539 768
610 958
834 976
166 805
261 302
209 610
427 723
241 475
238 875
244 326
544 811
142 961
283 431
101 716
335 742
281 858
243 432
3 762
305 589
23 798
98 268
225 743
340 464
618 666
60 429
21 563
572 994
25 657
62 751
360 921
32 815
628 737
92 247
188 390
398 765
18 986
564 864
204 761
380 732
440 870
161 785
85 814
471 779
462 842
222 822
606 763
638 852
237 586
945 976
695 778
94 764
713 958
680 826
60 162
384 558
72 501
170 667
301 509
138 972
495 712
610 794
670 784
257 815
374 760
152 585
679 807
268 872
637 949
151 698
257 361
862 888
329 410
529 838
19 63
162 911
83 309
521 754
336 445
11 819
448 948
323 607
628 944
479 617
178 245
121 606
361 787
468 821
702 771
186 658
722 821
97 157
130 619
575 911
274 307
108 747
70 223
203 715
366 547
611 820
725 941
218 864
39 654
332 425
741 990
815 964
61 163
293 325
32 236
221 340
863 968
86 448
390 515
289 757
62 461
139 368
755 938
3 409
329 687
187 423
30 151
238 545
212 915
597 839
60 152
367 937
380 737
770 805
446 604
667 879
600 907
14 806
162 538
424 868
201 963
291 583
114 881
129 678
797 968
301 627
380 916
112 668
234 258
114 919
178 277
435 714
193 252
597 969
151 472
284 763
734 750
863 997
146 780
183 408
447 915
324 467
27 330
262 292
211 588
217 728
442 741
286 652
46 250
607 871
753 891
487 986
422 703
129 886
182 928
154 506
395 533
687 836
147 776
250 875
344 993
646 669
630 716
238 248
1 939
481 925
123 840
543 909
390 897
79 782
288 319
714 937
774 821
754 969
4 902
196 896
348 866
331 894
494 934
569 873
402 847
687 798
59 877
583 774
450 717
205 769
5 143
178 835
269 589
499 523
696 946
419 646
665 914
848 977
159 898
358 721
301 871
178 398
931 981
305 733
50 510
407 502
5 689
437 631
150 577
133 921
47 223
553 939
247 450
451 968
752 809
191 207
122 283
540 940
590 855
709 802
349 808
751 934
382 786
288 723
311 856
210 534
149 255
87 502
599 891
408 822
14 995
630 967
488 507
570 696
373 449
405 798
156 533
85 319
808 890
201 608
17 170
88 624
527 671
270 479
418 653
31 414
19 350
44 508
858 967
204 659
340 961
458 873
470 895
192 360
152 703
72 562
2 322
697 993
176 529
616 948
829 999
714 849
110 349
559 709
77 265
219 417
29 226
48 290
835 924
761 979
339 675
52 662
677 749
7 206
277 975
154 458
220 974
307 324
331 368
760 883
454 633
178 212
483 820
260 407
7 21
347 387
696 791
361 373
368 540
169 580
86 344
627 670
287 307
990 994
230 655
641 750
280 684
520 853
453 465
279 460
666 839
535 807
168 457
261 349
193 889
585 870
498 631
255 290
137 602
144 280
184 383
785 868
663 990
116 740
20 456
295 929
38 736
182 848
257 795
498 549
420 988
83 972
338 918
262 407
292 895
476 551
278 337
293 697
327 437
135 762
691 809
782 848
779 965
36 696
245 760
101 534
17 969
287 425
39 660
694 952
246 934
429 564
478 935
614 858
915 972
725 750
663 884
442 925
849 973
831 962
218 717
236 415
687 840
347 523
570 879
166 299
80 816
103 730
558 940
717 826
819 912
903 927
56 828
722 905
553 801
219 371
270 634
957 959
826 835
58 656
405 956
224 573
36 306
28 595
247 745
421 511
676 917
791 973
504 513
230 305
418 450
28 40
436 988
350 615
6 823
580 673
249 314
153 351
181 555
154 298
71 278
547 666
747 809
251 872
455 674
444 908
257 288
484 693
186 276
451 660
333 545
383 859
582 888
138 210
421 860
52 644
662 931
30 951
471 824
497 633
631 893
888 941
182 778
810 933
594 964
614 861
279 997
721 862
238 283
352 659
144 996
427 711
659 663
482 810
443 839
822 980
337 921
710 871
51 995
33 368
589 647
221 229
950 997
83 587
234 787
246 730
135 310
146 157
325 967
164 981
763 961
338 452
48 234
286 675
395 708
337 654
708 883
57 558
186 993
420 644
780 890
267 502
11 200
766 877
331 747
94 393
60 731
646 898
131 573
527 932
281 938
864 989
174 422
398 712
42 415
484 547
285 986
166 837
932 997
328 715
108 679
91 774
672 840
738 971
22 245
498 879
313 714
220 487
136 619
199 903
661 683
298 802
21 969
18 136
851 901
699 933
825 959
151 376
114 498
95 123
137 973
450 974
40 547
176 289
166 840
179 432
234 523
478 896
203 614
457 914
817 965
742 776
118 791
280 289
403 585
722 736
711 728
524 768
165 610
297 776
5 81
307 880
315 785
776 871
690 751
568 680
8 422
697 799
892 977
440 477
176 732
551 812
75 239
581 849
230 240
245 625
285 311
477 978
70 253
174 201
296 881
304 742
303 791
103 548
543 768
25 500
71 577
311 313
4 246
160 245
138 828
491 842
320 423
469 845
573 671
19 221
114 552
208 525
628 905
26 108
133 523
595 878
191 710
715 906
418 789
312 969
506 908
331 460
826 930
529 752
548 953
857 973
14 851
417 920
525 831
355 946
659 824
302 721
208 368
509 788
452 978
479 887
939 959
137 570
99 221
241 526
0 567
14 384
418 801
249 286
232 327
338 604
258 409
129 411
200 466
638 797
469 652
684 963
409 606
101 982
58 342
58 509
893 909
72 679
46 711
725 929
885 943
415 704
144 827
833 962
379 472
383 759
293 795
347 702
754 800
37 812
494 546
756 870
294 791
189 435
5 716
267 301
682 954
5 98
191 509
240 412
15 524
308 624
323 671
363 425
123 400
237 969
298 459
441 725
106 513
463 630
229 897
183 764
122 932
441 633
46 313
680 682
570 658
593 988
351 981
19 456
103 608
401 425
151 420
526 842
664 825
245 989
74 106
6 429
62 580
245 800
460 834
382 925
492 913
473 976
617 995
720 929
706 955
474 727
668 857
253 873
493 595
119 920
53 548
633 926
726 962
230 775
155 560
52 157
133 420
37 877
158 480
110 788
584 865
74 515
121 604
98 948
67 68
18 121
296 967
106 281
23 336
56 583
263 988
217 699
532 653
376 763
593 672
187 699
303 667
308 615
376 753
34 123
353 849
420 955
635 795
43 643
378 486
609 718
102 661
755 936
193 664
865 870
569 609
276 404
224 713
244 330
278 441
453 643
225 632
619 950
20 594
662 751
272 432
469 534
757 933
289 478
511 773
382 695
99 432
11 657
164 255
339 958
144 885
601 869
370 551
390 488
497 503
141 930
775 963
60 464
72 106
198 890
585 969
402 580
684 943
411 849
550 750
159 436
760 894
616 657
311 498
7 161
1 500
91 128
815 907
240 540
335 438
15 370
51 737
148 314
252 864
250 411
144 652
171 310
761 835
120 160
513 996
439 972
140 641
346 533
64 380
818 963
330 399
488 540
381 854
986 988
71 238
75 397
734 921
737 847
108 897
456 967
292 410
403 895
432 593
812 936
9 251
408 982
522 581
248 315
236 729
653 800
50 474
209 227
323 965
56 783
376 862
239 625
486 668
28 100
317 432
264 441
246 568
502 850
120 450
169 849
687 822
1 161
224 229
548 722
194 779
331 408
507 923
33 527
409 414
841 979
243 731
635 651
837 841
505 961
287 674
163 974
164 848
73 136
745 858
291 973
656 989
700 848
85 579
341 375
354 499
534 582
169 949
234 790
6 739
104 646
267 766
108 783
529 687
12 319
660 820
669 872
509 600
236 958
809 941
591 828
744 892
330 349
35 708
139 421
187 354
758 974
541 802
435 841
70 754
243 854
414 875
115 275
425 475
512 769
235 455
949 979
298 347
309 382
6 82
712 873
270 631
39 424
173 474
595 617
228 823
838 994
306 698
270 526
731 782
318 647
237 596
297 584
246 958
253 319
41 192
317 663
356 824
349 439
56 830
410 944
135 880
405 930
441 675
172 808
455 457
46 491
140 403
650 982
301 451
255 844
494 572
670 859
298 929
19 759
354 963
170 586
450 927
869 891
602 677
411 416
259 485
457 888
439 751
202 538
93 145
398 587
257 718
609 999
628 907
262 758
280 943
69 559
161 637
53 99
584 924
312 733
64 472
173 363
369 508
557 578
166 978
577 886
688 794
89 500
320 700
483 880
121 122
41 221
318 526
805 839
51 629
255 576
225 992
194 853
594 751
431 925
9 917
63 811
311 697
17 153
363 988
837 897
291 461
58 988
215 609
179 660
197 434
237 541
11 783
394 958
535 826
804 883
46 187
220 236
373 709
72 253
361 503
823 910
320 794
163 755
342 888
85 767
128 356
139 626
140 373
27 449
551 684
183 738
403 730
439 974
579 776
490 864
82 126
228 665
798 828
686 983
103 522
123 650
459 750
141 599
475 591
26 978
162 627
358 764
90 565
694 797
13 669
104 536
139 553
332 938
668 733
255 976
100 771
257 582
202 398
182 677
341 512
703 969
26 819
679 944
828 909
638 930
333 386
79 719
164 271
600 739
419 862
676 700
254 444
426 978
120 931
491 986
89 517
768 805
66 461
451 596
348 790
329 735
124 760
747 806
897 924
347 695
399 759
203 371
150 653
534 936
25 270
274 711
431 894
479 708
427 849
198 511
218 841
285 694
443 601
441 878
141 340
99 573
297 540
188 447
717 834
109 565
428 812
259 540
390 872
38 383
608 940
225 576
302 530
668 744
360 408
237 981
777 811
278 465
77 675
6 510
794 923
574 619
87 511
185 959
576 901
695 841
184 271
418 487
438 801
561 583
798 820
543 609
173 949
427 625
251 433
397 487
106 708
324 796
861 969
755 871
437 450
64 622
74 835
227 461
44 273
72 789
216 684
165 681
460 857
108 142
629 893
602 858
87 182
57 750
43 505
280 481
308 696
455 734
531 916
805 961
102 960
229 528
262 786
644 693
188 723
104 616
817 962
257 570
496 672
314 540
530 946
373 838
642 828
174 924
744 885
56 331
560 988
584 774
629 822
545 770
817 875
514 987
189 436
244 686
109 910
578 639
856 951
829 850
131 753
24 227
707 990
283 330
219 267
442 457
200 227
18 339
205 454
357 996
953 994
103 682
612 863
71 94
275 915
46 273
298 380
273 370
357 908
53 625
127 510
327 419
89 758
544 697
316 406
310 540
359 574
574 765
186 211
101 997
271 486
499 866
124 921
278 588
32 641
159 255
503 674
593 838
785 888
101 137
29 294
654 763
528 955
141 580
578 739
577 594
445 849
770 795
383 569
400 601
377 656
112 232
302 330
467 825
190 314
485 568
331 343
491 650
71 211
143 950
1 737
850 879
534 674
103 972
373 410
56 139
29 168
371 711
197 823
13 179
99 511
207 850
341 783
857 994
1 765
297 766
90 176
625 969
851 941
80 261
137 666
400 695
657 771
759 832
290 320
832 846
48 389
172 391
600 742
507 519
816 953
594 992
21 195
453 536
456 554
208 942
250 952
332 361
652 784
651 982
392 836
31 579
773 917
180 436
133 280
604 905
529 948
852 902
144 388
708 952
650 942
513 544
602 845
257 739
260 849
686 721
653 752
617 922
797 877
509 710
283 314
164 767
262 619
67 758
359 775
63 653
576 777
198 732
773 807
471 622
68 192
73 660
278 297
526 995
427 705
36 710
19 803
633 875
294 422
133 744
421 807
198 786
735 984
282 508
144 753
130 212
143 298
637 947
421 632
473 848
337 509
708 911
664 786
438 693
432 789
205 571
358 596
331 755
38 694
838 839
322 791
402 441
39 465
238 388
671 862
86 360
723 997
388 420
135 466
826 919
255 398
124 852
108 880
535 802
727 918
61 641
43 401
218 503
435 891
106 456
542 753
477 819
591 892
27 217
43 57
313 947
423 793
517 901
303 404
221 704
483 697
635 884
92 138
102 527
29 558
135 986
453 805
697 964
181 748
724 806
23 224
370 471
447 988
102 271
327 744
228 324
24 311
117 464
449 567
830 996
477 982
282 965
139 929
888 979
56 462
39 46
431 517
230 409
32 857
333 601
9 360
181 736
320 646
121 205
202 565
394 951
269 536
29 676
8 550
13 916
416 962
52 200
813 831
430 688
115 845
557 641
476 823
294 796
821 851
269 386
53 221
132 942
161 490
40 970
290 405
200 457
31 490
273 622
468 719
360 388
377 865
535 671
13 356
283 875
94 280
227 856
222 698
192 740
90 262
78 496
278 553
305 395
309 928
380 668
409 748
93 125
626 628
149 991
24 337
431 626
304 482
10 527
103 532
623 719
150 717
119 270
424 780
18 442
352 686
452 822
267 447
73 578
727 896
43 103
368 407
379 878
286 410
6 834
33 551
152 508
174 288
192 577
281 730
230 905
678 734
172 664
103 420
391 520
5 494
374 564
253 442
105 540
852 939
886 898
406 842
16 390
46 319
208 777
791 953
34 39
206 821
703 924
446 979
797 984
713 940
545 710
155 167
85 359
335 458
301 597
340 741
140 317
659 878
612 917
21 303
651 842
706 861
766 840
152 915
177 444
628 887
135 990
407 427
495 865
444 763
166 856
784 836
796 996
66 265
87 408
412 568
430 929
47 118
622 623
799 963
67 943
39 409
79 446
574 837
663 952
370 830
507 808
18 157
84 303
63 422
343 523
452 827
125 298
747 851
166 921
899 988
110 290
189 750
587 736
115 399
485 539
581 699
344 951
647 856
387 631
63 910
326 890
714 803
188 918
461 902
84 801
194 802
91 552
179 383
139 850
30 931
688 864
32 729
816 938
555 680
466 599
532 985
402 526
304 450
535 987
458 789
81 549
341 817
81 832
364 667
355 862
228 944
396 740
234 420
507 952
418 515
106 852
302 860
378 753
164 366
288 974
155 721
849 876
538 957
206 681
321 896
901 913
192 653
298 426
250 425
285 292
20 743
145 322
523 603
119 427
715 889
94 397
789 970
246 327
600 885
527 799
719 853
151 452
230 497
401 782
522 773
667 877
448 480
543 875
784 952
46 943
181 732
368 779
59 647
411 945
599 938
452 744
548 658
507 956
130 709
642 653
483 519
283 672
215 352
158 304
0 101
533 702
422 833
245 665
76 421
190 372
14 286
24 824
132 186
317 532
174 842
322 677
346 693
397 960
118 562
701 914
572 755
405 799
177 464
598 650
192 540
907 970
147 830
17 931
279 815
473 686
8 341
150 387
354 462
268 784
486 933
505 534
241 334
262 771
150 265
369 691
340 457
640 950
233 839
118 657
49 343
390 944
94 703
409 777
909 914
30 842
564 752
345 347
250 961
116 401
226 486
36 444
178 394
369 676
627 685
28 487
380 783
83 419
548 878
139 844
462 874
214 981
439 680
560 689
28 993
442 572
866 886
44 608
280 636
260 413
253 673
53 288
59 388
266 488
332 608
422 757
207 738
646 989
770 901
687 764
130 929
336 796
296 368
1 192
284 958
261 957
563 901
10 951
498 961
570 921
182 327
389 695
418 684
387 540
75 937
219 304
557 992
367 925
288 911
278 924
539 869
784 881
243 793
88 754
10 93
27 276
689 722
459 665
53 759
0 48
480 656
37 267
634 649
289 314
593 898
119 214
447 484
277 904
344 691
136 383
354 762
395 412
78 837
596 855
483 855
963 996
264 511
352 512
18 250
148 154
611 720
268 448
167 524
77 210
220 813
347 926
575 759
321 412
176 189
24 360
357 383
895 987
691 973
223 759
710 913
673 724
344 633
153 473
220 551
363 440
710 716
291 718
39 822
11 56
416 568
36 951
125 375
98 198
419 958
481 674
223 398
209 506
94 980
362 666
725 883
106 599
176 436
242 610
215 650
621 783
9 419
87 544
285 737
156 643
317 595
819 989
67 495
28 513
390 827
179 710
467 637
255 661
256 813
28 865
839 906
164 325
251 848
870 937
536 865
132 445
182 434
303 601
282 331
109 114
73 293
540 820
833 930
743 796
89 661
123 996
500 639
673 701
543 890
638 779
436 760
263 294
152 895
249 361
262 322
6 434
214 936
10 267
31 357
24 507
705 876
146 730
389 577
274 568
168 386
4 783
226 681
349 576
379 950
290 993
272 296
779 838
46 585
616 849
755 873
475 812
101 974
543 679
169 363
247 883
555 603
236 666
367 829
165 560
455 669
293 905
103 684
131 688
83 980
190 657
132 205
3 307
106 546
338 821
67 937
56 622
74 540
211 721
728 793
462 634
183 539
638 755
576 887
327 659
219 984
777 849
204 468
436 927
169 748
63 157
144 603
231 355
25 676
83 662
487 618
202 243
130 256
482 935
141 701
342 919
740 830
266 547
1 667
392 767
171 455
667 924
156 410
22 87
181 457
20 749
303 427
35 615
97 785
926 971
151 890
269 981
168 982
600 649
169 992
417 692
341 448
359 858
733 849
297 382
321 403
18 54
357 840
116 328
619 766
387 570
553 600
200 907
202 429
193 971
473 993
665 833
851 866
501 918
249 813
652 900
134 954
491 670
138 794
171 913
742 757
652 710
647 912
849 910
341 455
173 814
190 800
4 999
56 270
305 505
83 405
569 957
711 980
413 858
118 584
771 876
678 775
325 586
687 848
380 527
656 700
195 456
546 890
460 946
317 816
251 604
561 722
434 821
541 586
12 644
170 767
849 888
542 826
174 582
26 53
682 962
509 753
491 995
56 951
224 294
621 898
343 476
649 811
129 705
235 773
717 757
540 957
435 606
133 783
17 809
186 331
292 844
335 841
249 639
638 933
259 473
183 301
347 955
84 950
52 537
210 769
102 295
253 726
537 861
738 906
670 925
238 866
431 569
201 208
680 840
494 505
29 99
406 807
109 376
491 780
53 647
294 901
507 979
397 547
286 840
303 863
563 893
132 729
283 676
692 708
123 538
214 574
21 920
296 981
482 824
129 429
229 682
736 775
323 662
133 854
609 789
69 524
151 682
434 700
419 909
239 633
511 835
6 168
159 489
344 588
573 970
271 746
285 310
69 795
30 139
561 584
619 906
562 712
146 330
614 749
205 407
242 735
93 716
763 876
107 582
816 905
33 87
651 695
72 372
427 454
360 425
46 137
274 728
240 635
394 477
446 564
514 988
658 751
390 592
207 211
244 497
500 646
371 939
781 924
235 378
12 208
90 254
501 716
488 982
812 957
755 882
222 728
12 326
331 537
219 828
133 217
424 681
588 605
175 205
336 414
426 539
20 392
143 355
452 880
114 519
207 247
337 828
663 986
317 840
411 552
497 685
178 629
461 569
666 784
97 120
432 636
453 898
29 393
160 261
679 845
376 404
65 926
233 264
73 80
933 984
431 485
21 466
482 609
35 745
148 484
217 933
116 121
386 502
509 546
115 707
577 843
111 503
696 908
120 340
53 770
324 607
484 697
73 446
179 460
543 680
761 945
418 613
877 999
272 738
387 897
474 797
231 261
329 491
449 957
79 832
508 855
339 686
206 759
137 385
572 681
417 517
30 442
671 935
207 381
278 761
911 946
104 177
172 786
481 669
587 853
442 913
599 713
134 919
271 711
283 657
74 304
152 746
87 105
486 769
646 883
117 592
573 794
318 770
359 791
151 947
64 996
709 741
16 875
79 981
499 638
362 803
64 866
521 902
671 953
360 599
829 906
543 700
402 665
370 762
456 874
61 804
802 938
306 514
30 495
385 529
99 485
332 901
234 965
423 918
258 783
164 869
612 765
217 366
430 939
480 887
541 813
104 691
557 696
410 726
404 796
255 889
895 939
791 861
174 566
131 784
353 701
665 948
118 517
31 548
457 512
622 787
405 831
101 726
137 388
179 793
786 933
34 180
177 726
41 252
95 525
36 796
336 878
348 461
845 854
663 896
36 357
114 285
364 867
568 607
501 747
752 786
139 534
612 966
360 668
764 864
237 252
467 560
374 588
794 815
63 219
809 928
99 447
42 318
610 811
278 312
30 710
450 596
521 768
190 208
717 954
676 866
184 264
351 592
411 811
220 415
91 866
486 667
478 537
96 815
197 944
719 754
314 713
193 261
567 738
263 414
433 799
31 378
151 794
541 566
366 633
34 784
119 321
567 864
359 488
686 726
303 832
368 757
18 147
237 914
177 585
4 370
387 976
181 290
45 547
182 275
394 933
150 503
313 992
391 509
30 164
224 787
723 885
151 157
312 742
316 328
464 656
565 703
136 236
207 533
136 482
69 715
228 571
571 893
432 563
285 593
861 949
732 834
584 889
896 985
665 983
565 799
268 673
161 364
857 923
47 993
114 757
414 985
338 685
600 879
516 770
545 719
277 377
905 961
242 518
