880 355
959 843
173 440
337 825
774 711
678 793
171 109
855 848
873 601
37 111
747 633
328 210
734 803
589 446
141 694
892 373
49 203
216 574
996 906
751 770
969 781
563 492
891 770
340 116
723 730
580 471
363 908
681 449
711 622
247 205
316 491
930 717
694 147
291 690
405 394
812 374
175 375
866 418
497 206
887 573
288 467
44 3
375 77
452 439
996 15
190 926
732 237
425 375
279 830
769 92
556 296
819 422
715 669
981 602
242 269
421 286
625 796
363 77
587 414
129 583
429 671
862 513
908 287
240 188
470 361
280 26
657 451
801 724
120 782
678 362
403 99
648 28
248 363
458 187
777 587
123 558
258 985
423 519
624 663
59 446
376 339
473 34
142 626
110 263
408 141
625 163
240 626
544 840
989 2
28 119
941 151
29 551
488 453
70 112
468 129
559 845
820 384
231 963
10 693
226 770
834 203
285 75
267 171
831 295
642 124
798 671
676 286
124 746
751 945
228 662
142 400
398 373
363 760
66 941
882 253
497 167
680 326
997 947
849 180
595 491
305 745
163 981
32 639
79 135
936 307
797 78
708 547
803 423
307 222
717 189
475 214
356 155
892 705
102 742
886 49
233 543
795 748
524 179
740 955
314 676
615 463
755 675
10 558
98 669
132 815
858 607
381 566
762 274
624 217
16 862
266 601
405 61
350 281
240 442
236 906
118 851
369 225
526 379
136 977
400 268
144 258
876 526
177 990
800 153
207 168
15 826
769 420
887 471
701 480
913 289
386 384
141 108
961 667
839 97
996 240
718 141
850 594
667 379
584 819
532 144
987 547
970 756
967 209
580 20
41 845
310 780
229 803
888 191
822 727
640 819
319 358
960 170
304 979
549 241
798 434
385 785
981 707
893 301
916 473
673 958
319 335
738 900
138 978
443 313
705 84
132 377
442 444
547 747
423 448
988 221
882 725
358 216
432 251
517 700
77 190
658 748
526 748
648 16
726 444
329 784
528 813
161 322
257 60
421 32
508 761
605 743
486 963
959 270
567 828
971 644
370 629
392 248
730 392
265 456
188 946
240 716
760 401
391 369
813 812
402 322
926 359
417 412
323 728
35 890
556 6
886 926
987 630
175 717
374 792
174 563
90 766
279 202
520 22
572 333
187 326
7 113
685 424
877 360
152 912
250 60
918 488
987 906
118 514
975 493
658 501
56 748
268 687
951 788
62 875
473 249
201 481
362 238
905 239
599 410
504 201
470 422
690 809
680 160
323 656
653 981
157 61
82 777
101 33
565 163
260 391
764 461
872 126
699 129
717 650
539 221
852 362
996 542
171 676
702 847
684 708
180 194
769 262
971 222
647 889
737 907
280 501
720 152
979 772
633 49
422 525
622 274
887 618
168 410
647 871
257 683
931 438
877 52
52 849
275 52
738 12
959 18
866 32
522 845
804 155
894 226
680 869
853 919
487 21
330 486
244 587
170 175
377 47
228 430
248 855
482 338
867 793
708 85
825 230
931 981
738 177
560 770
46 413
690 886
786 372
724 31
311 894
558 689
294 786
471 894
641 305
233 861
98 941
946 276
524 229
609 262
759 169
384 157
934 74
395 721
798 120
104 110
366 662
799 12
801 622
907 794
927 492
655 25
433 954
653 309
183 263
571 942
784 308
452 719
734 847
440 533
967 896
643 334
558 794
346 711
416 605
506 343
97 161
720 531
467 374
192 651
989 764
945 773
72 397
492 158
597 284
691 564
532 334
250 443
128 949
154 544
554 660
239 652
174 960
535 641
686 727
644 27
843 942
800 267
339 645
426 288
281 117
853 814
804 455
257 932
404 411
829 311
424 68
315 598
380 202
591 418
929 236
445 125
530 598
744 869
243 170
510 524
640 715
690 796
170 947
728 927
711 909
590 135
330 905
85 62
107 28
481 388
616 926
865 146
524 610
16 119
132 878
996 124
593 686
920 763
634 1
42 345
910 632
832 592
889 917
655 348
945 488
737 562
414 954
708 291
564 76
762 697
954 758
173 899
445 94
663 431
95 57
128 5
42 960
950 931
229 605
280 174
93 369
88 859
323 149
502 240
577 265
289 884
23 462
783 820
556 798
251 651
856 379
9 898
691 959
829 920
916 461
447 361
830 887
572 506
36 75
746 966
340 35
850 715
497 633
536 406
784 139
57 640
871 66
538 562
377 719
835 293
533 282
654 715
521 227
221 910
654 319
876 994
354 78
61 204
711 597
610 495
89 19
487 960
86 377
874 815
449 709
109 982
343 115
697 217
694 271
127 348
590 3
694 297
81 108
853 144
705 815
992 146
834 831
106 272
209 333
88 658
42 549
992 738
664 41
955 711
312 82
411 255
437 458
904 870
566 757
14 623
924 358
770 758
190 228
31 751
561 471
409 604
20 753
694 36
794 649
747 459
83 511
66 520
969 970
742 535
79 756
158 3
467 928
113 657
157 496
760 718
967 521
674 987
274 720
376 420
369 475
879 804
986 297
676 955
619 418
490 698
527 1
53 994
929 167
3 438
663 763
509 983
284 535
970 910
256 698
330 977
174 562
782 160
859 458
116 831
229 958
881 756
959 935
102 241
454 105
31 469
220 540
452 856
76 775
766 684
473 448
661 647
10 443
160 222
254 276
405 483
586 286
591 546
221 693
139 27
798 170
497 370
63 301
578 139
76 344
823 902
144 836
901 507
280 61
729 886
337 486
369 276
772 960
822 994
5 313
373 155
483 222
525 546
524 103
37 600
799 212
854 943
49 756
802 681
817 883
919 507
369 640
783 142
600 957
488 957
270 861
112 105
84 637
4 608
92 41
560 243
606 415
538 7
171 341
40 340
224 959
847 594
599 630
88 551
939 576
508 209
437 620
667 873
609 671
833 53
64 394
296 22
161 186
29 684
527 69
24 104
28 224
50 979
854 138
530 146
714 38
707 503
10 374
377 619
397 562
672 462
956 320
484 469
507 866
153 386
935 530
842 316
754 892
295 960
382 178
106 96
568 814
952 579
540 681
550 938
243 575
400 552
895 236
21 754
102 175
493 390
57 335
58 811
580 705
771 962
883 230
411 452
44 363
383 936
44 933
874 639
508 274
191 756
863 213
862 965
740 355
707 797
43 765
960 623
471 731
585 706
313 348
510 709
711 893
646 107
179 520
747 39
147 938
147 10
503 10
327 243
717 35
392 760
152 352
735 975
436 673
682 749
21 192
459 733
438 457
192 617
977 939
656 476
230 156
486 85
329 883
553 73
996 705
778 731
681 214
404 715
315 778
259 126
863 697
583 55
666 561
347 675
37 929
831 876
14 997
42 695
232 947
769 228
4 547
312 37
113 68
752 428
846 12
555 61
61 490
117 728
51 816
403 441
745 234
669 759
583 63
455 167
10 576
748 14
475 60
52 588
480 156
368 679
520 923
740 582
414 209
662 817
377 65
610 122
651 631
234 586
694 41
753 56
969 501
71 444
913 475
32 746
631 752
425 504
28 517
86 442
79 748
611 456
165 574
579 168
205 165
754 252
206 859
308 527
713 731
971 978
206 355
724 190
107 501
694 135
19 132
929 98
232 893
554 397
819 485
565 24
2 671
276 560
882 937
87 595
668 58
926 227
765 650
417 873
152 463
360 523
947 290
621 179
535 527
576 354
365 493
730 367
516 359
928 398
296 15
346 964
74 272
191 839
274 960
64 426
423 425
301 722
67 922
901 954
802 829
308 167
674 390
534 190
749 462
941 45
830 639
10 256
911 201
95 537
162 512
316 937
289 617
660 708
892 913
662 694
743 322
213 417
712 747
960 462
562 901
859 392
540 869
648 803
423 95
340 937
959 656
874 248
626 886
956 518
800 970
212 543
644 425
312 357
524 272
171 438
173 30
182 65
252 830
868 675
278 561
612 589
569 838
838 195
725 146
713 877
469 277
420 113
54 84
470 931
357 993
369 882
376 552
300 628
734 520
655 364
81 619
954 3
457 792
198 182
290 264
411 759
893 831
225 300
268 47
231 625
41 600
859 769
504 159
397 239
32 404
603 113
23 909
468 480
53 667
15 344
283 426
455 528
610 680
828 878
80 59
855 121
12 66
242 868
578 991
459 610
395 63
75 418
324 544
250 378
563 265
74 846
44 529
726 654
562 555
884 642
966 739
115 330
805 357
199 383
348 658
345 95
73 421
513 398
965 763
776 528
381 850
726 425
731 452
431 645
7 315
639 974
54 106
656 211
815 855
947 515
866 292
610 939
713 475
689 678
239 465
558 972
667 284
397 751
737 828
748 744
495 388
70 901
494 727
112 310
934 411
825 800
56 788
92 121
263 781
800 854
599 710
826 618
995 575
369 732
403 118
828 898
858 899
799 352
978 264
14 264
27 192
65 83
980 157
205 243
938 357
98 889
67 276
508 414
852 877
146 607
347 975
506 205
226 657
910 556
273 924
820 653
468 237
736 448
394 293
692 685
2 142
574 422
418 434
836 270
664 983
878 11
310 736
569 536
745 831
444 371
107 264
24 576
502 112
24 248
758 68
285 760
210 212
182 981
646 19
603 310
354 833
674 664
569 595
552 667
426 996
390 533
612 414
109 466
878 134
67 636
554 352
749 765
564 931
98 563
302 701
225 656
887 899
672 808
494 224
475 920
572 865
454 185
631 915
3 862
49 70
498 604
775 247
721 691
531 171
254 833
224 480
842 111
731 514
920 226
739 747
498 311
965 304
848 948
220 852
810 621
274 309
225 49
908 298
741 791
821 347
625 46
179 467
157 911
333 429
489 72
177 987
736 142
644 936
90 864
140 253
485 415
914 63
816 822
713 909
614 535
257 591
581 788
410 90
699 743
520 188
168 49
528 904
543 172
192 985
388 333
238 225
100 152
640 916
327 354
178 941
241 787
884 174
575 294
264 275
389 136
815 557
537 695
813 80
867 6
418 607
691 656
833 791
809 473
59 488
179 237
429 420
24 665
594 600
959 211
227 348
699 42
258 237
738 71
669 957
429 87
565 120
96 750
911 257
223 971
745 403
560 526
823 585
191 770
537 502
981 764
202 32
158 460
621 248
884 291
558 313
730 123
434 826
873 697
435 448
20 180
851 581
706 27
518 249
149 55
751 482
171 954
514 681
414 136
930 298
779 488
964 509
963 398
688 188
95 475
636 116
656 840
49 714
219 567
964 368
974 715
850 145
21 716
178 436
204 108
86 983
948 50
845 911
800 885
99 896
360 88
364 368
280 413
83 499
332 399
219 306
114 421
803 488
137 981
924 342
442 362
677 390
765 522
654 565
407 105
813 768
545 529
136 825
294 571
324 626
970 543
284 437
964 87
925 454
421 201
148 215
915 825
957 680
348 611
246 107
69 59
227 614
941 364
440 235
287 764
862 610
660 146
399 976
586 676
782 359
877 930
574 792
756 531
473 456
143 71
563 212
482 791
826 423
507 618
659 146
735 521
756 395
19 155
723 605
831 858
316 60
788 890
205 896
422 678
352 917
101 268
481 583
59 659
359 918
278 18
64 13
891 821
760 910
328 835
868 160
693 184
572 834
75 777
730 849
807 83
766 908
703 599
844 762
258 203
680 536
221 744
901 112
917 13
374 246
849 242
406 894
779 978
728 206
108 459
55 915
894 173
824 597
124 668
711 382
871 743
271 444
487 524
908 405
538 282
651 739
877 409
985 8
739 714
214 847
525 621
763 771
146 939
720 270
959 431
4 182
174 275
626 13
800 534
770 690
168 773
429 45
182 414
405 274
480 619
473 5
592 588
128 90
527 848
360 486
631 365
668 805
992 646
171 792
180 941
482 701
715 263
98 249
30 504
523 862
475 349
868 68
937 348
158 465
197 871
303 828
588 324
986 580
970 157
725 503
450 559
204 165
823 302
767 205
806 290
67 282
991 287
702 929
636 212
746 185
83 49
365 671
373 351
604 344
860 329
847 663
888 51
828 63
705 947
268 512
238 688
794 581
327 496
510 963
60 256
500 144
306 866
167 31
569 771
727 782
100 926
445 341
329 625
404 35
573 25
547 163
65 693
744 392
541 255
708 601
511 208
97 169
74 265
553 644
388 280
426 841
207 223
182 888
848 938
923 421
315 822
584 380
515 681
773 56
936 481
10 799
689 107
321 116
372 874
112 761
506 890
602 65
113 136
954 961
74 229
735 390
52 671
770 567
352 895
976 640
376 986
440 418
445 113
534 818
339 998
931 197
888 885
263 1
21 569
314 95
798 49
837 202
721 960
770 425
855 98
66 584
436 858
2 881
971 888
699 662
886 982
859 774
867 474
127 240
43 441
688 194
843 525
396 564
485 518
989 693
968 407
277 404
265 631
286 588
519 337
250 757
320 110
883 539
584 362
780 980
803 468
526 646
345 274
562 831
793 904
876 761
311 153
518 929
784 804
517 655
141 768
764 813
230 647
353 166
9 133
146 164
953 24
163 298
299 77
481 444
981 357
205 645
510 723
574 646
879 91
301 21
211 65
186 441
64 539
608 425
24 106
942 977
131 105
276 430
534 757
874 516
115 431
513 977
507 87
624 386
530 277
759 742
695 946
535 111
837 143
537 862
250 831
839 733
163 822
577 389
690 44
820 203
21 327
642 997
66 173
275 177
267 970
123 802
81 961
298 970
175 900
801 366
633 441
834 148
264 763
537 954
807 357
510 180
37 152
178 455
677 805
632 296
127 756
451 560
69 749
883 596
1 684
962 634
478 796
782 742
911 319
48 718
28 910
251 417
415 429
872 92
586 505
741 713
613 192
273 34
293 156
630 294
193 592
280 23
741 62
765 652
733 165
723 113
76 974
883 491
935 341
612 28
406 577
220 31
611 865
540 593
511 85
538 791
108 279
205 225
283 290
390 358
404 818
332 639
661 439
394 597
132 359
625 890
936 198
922 900
415 462
493 927
899 383
718 7
14 924
584 298
214 326
656 970
145 341
609 806
132 356
755 265
715 733
155 3
283 429
903 698
243 749
625 142
132 344
501 147
620 437
797 834
764 805
157 261
498 118
419 983
474 175
248 541
908 755
545 543
537 800
241 132
901 867
275 386
211 128
885 831
918 34
17 682
839 526
943 690
645 362
673 471
889 273
13 149
380 910
692 917
62 934
50 964
801 677
702 364
157 587
547 75
621 564
109 812
91 404
502 88
119 175
559 8
800 924
510 181
834 202
450 249
488 852
565 289
881 267
5 39
206 552
466 827
469 928
991 912
332 494
0 451
21 911
812 822
836 322
355 22
876 805
271 365
658 836
6 539
455 12
930 661
916 749
840 737
677 832
649 9
326 1
813 699
913 977
873 749
299 228
771 527
34 395
892 44
583 899
935 39
263 866
700 531
615 893
269 292
725 918
653 403
272 818
102 185
795 328
286 446
556 409
974 942
804 866
986 388
117 922
779 732
140 831
264 755
724 885
399 449
155 404
204 427
223 659
964 18
987 250
465 543
660 439
486 816
657 824
204 127
98 335
211 238
167 827
345 891
712 96
693 220
501 249
647 724
908 612
742 895
214 559
791 226
350 629
43 360
805 599
839 904
935 50
494 454
230 840
345 294
936 390
514 437
992 162
161 900
126 256
148 692
815 939
919 166
920 314
878 725
913 717
629 200
767 124
654 349
316 352
644 604
94 158
42 86
672 555
987 150
163 135
843 331
426 114
497 346
428 727
71 341
444 53
894 563
177 548
913 845
900 557
449 995
715 843
81 388
399 420
538 914
907 733
245 333
847 94
31 275
821 455
969 265
508 863
829 37
411 94
882 664
651 331
11 366
175 444
106 926
217 997
840 124
730 86
810 578
180 193
205 2
648 174
619 156
389 800
193 153
894 427
169 545
759 180
264 286
976 722
212 193
719 404
670 450
842 480
380 23
673 937
377 674
112 996
830 853
149 376
6 43
155 175
589 914
707 205
552 684
927 116
229 647
521 899
449 715
379 829
738 405
118 467
79 582
816 261
436 965
989 794
8 145
322 949
411 29
154 964
65 82
432 295
729 305
546 178
21 278
359 111
683 477
579 114
60 395
727 848
712 717
642 720
862 964
22 273
346 176
589 763
258 374
410 339
679 957
869 700
235 580
812 270
410 743
736 822
490 463
670 202
532 312
274 394
629 296
20 327
825 961
90 83
335 501
775 15
458 644
67 45
225 231
667 635
326 403
457 816
866 479
370 399
143 997
145 772
645 517
451 470
479 542
906 166
395 681
533 853
677 953
250 902
184 917
889 863
320 698
679 538
177 402
289 321
399 787
445 44
304 897
867 135
791 773
302 186
806 187
391 483
140 641
738 677
910 979
540 582
678 571
120 207
973 762
880 724
549 326
121 853
575 988
989 718
113 643
256 271
830 647
754 323
640 844
0 550
824 892
132 502
463 604
61 789
366 942
865 915
620 986
121 547
326 462
265 791
457 521
62 639
520 169
962 160
13 962
62 837
206 546
691 670
502 753
811 869
47 676
136 667
15 257
566 693
71 183
485 528
56 899
168 576
68 130
88 82
445 502
271 3
48 963
673 550
68 836
771 467
513 260
486 528
869 52
573 941
235 58
821 291
958 989
219 378
472 307
460 269
161 84
272 209
399 298
111 819
134 235
286 999
495 772
879 364
176 453
657 763
511 479
54 821
468 625
552 292
284 364
561 445
448 186
654 847
484 117
666 970
704 304
970 199
76 849
916 604
302 573
367 166
404 773
339 873
398 891
517 682
256 79
127 704
617 133
904 101
603 922
423 307
227 393
859 655
243 127
260 897
52 979
415 457
753 755
330 503
998 199
186 254
278 665
311 247
151 567
348 754
489 124
413 68
517 272
724 112
751 336
10 804
315 777
261 420
532 943
924 531
142 462
137 773
127 800
20 278
367 721
384 209
845 798
277 362
422 353
475 174
41 837
978 709
966 591
481 499
534 405
382 676
219 871
449 347
672 470
977 391
191 714
952 36
512 582
750 286
287 577
812 329
766 142
390 733
733 871
584 267
629 318
944 848
189 745
547 213
215 877
957 758
591 909
146 103
843 897
741 131
826 554
812 593
696 202
326 430
425 262
49 54
580 345
903 769
91 802
335 658
679 644
417 270
553 915
725 749
812 467
880 991
21 692
584 69
246 262
499 671
524 549
726 104
894 981
225 337
783 912
996 463
556 765
85 462
680 811
211 845
278 91
836 651
135 420
720 381
682 572
52 558
473 130
662 719
111 239
57 247
152 405
62 708
170 147
170 850
958 381
47 588
824 883
591 959
303 664
692 337
236 745
247 61
227 909
780 339
149 189
938 301
594 0
9 764
147 532
967 458
913 14
46 738
898 990
49 553
654 742
243 890
839 490
951 66
752 83
757 901
273 695
554 867
695 915
984 195
447 951
653 361
317 51
451 215
41 852
121 695
946 364
937 137
206 240
204 958
324 313
211 949
361 765
816 408
33 152
603 480
103 608
193 421
12 996
988 53
849 461
101 147
825 390
285 384
631 841
694 307
154 906
256 867
23 424
628 56
577 231
889 32
192 434
805 204
431 146
609 632
607 710
779 785
453 64
169 84
257 863
391 764
121 999
631 145
423 259
553 352
843 442
385 387
877 542
591 660
688 552
644 296
615 423
433 68
840 602
152 97
817 895
213 939
894 845
436 317
456 341
22 299
136 407
686 365
301 629
25 990
534 669
638 149
444 71
569 636
25 73
86 194
968 299
485 214
144 273
883 953
615 905
252 751
664 291
116 966
272 141
956 158
162 946
659 958
369 228
595 394
301 681
940 621
332 426
835 829
699 71
782 314
976 34
417 641
677 533
959 302
26 915
460 540
213 120
499 582
700 446
976 2
479 916
975 811
694 163
640 746
234 422
412 562
809 830
555 486
715 514
140 742
429 953
634 994
425 133
576 125
579 904
479 410
222 867
970 862
613 204
285 378
118 446
208 674
284 923
188 425
17 970
730 652
964 155
137 541
280 69
445 760
479 618
567 701
486 889
916 451
93 553
829 211
999 389
885 283
665 426
60 682
396 790
686 360
945 824
901 578
245 699
690 76
317 257
130 155
146 46
959 591
154 950
530 392
585 195
818 998
229 214
788 916
926 86
92 180
664 689
879 354
765 196
963 895
704 461
941 663
404 892
803 558
194 333
302 780
528 120
130 758
686 918
26 965
4 470
145 20
159 24
374 924
572 689
820 276
150 113
939 554
358 743
465 552
428 767
684 957
240 814
67 278
85 445
243 89
915 740
462 74
764 836
350 337
878 170
965 28
636 905
935 994
0 400
546 428
519 231
737 111
397 156
742 482
601 337
924 868
78 386
942 194
574 645
883 452
815 849
481 451
106 768
445 106
520 344
886 391
927 624
503 324
780 597
159 734
934 83
602 12
821 897
207 395
542 90
848 709
291 681
161 397
801 958
855 321
712 581
718 567
258 850
164 417
584 451
852 539
815 673
436 22
420 978
465 268
39 756
301 552
506 102
511 361
775 517
103 840
99 173
759 357
24 924
126 960
727 978
499 542
3 287
565 423
265 382
44 657
490 345
209 996
800 720
358 927
590 813
767 689
987 527
398 11
803 524
323 530
854 823
72 857
110 989
280 728
723 676
385 214
22 594
562 174
667 920
101 257
734 221
298 73
748 696
436 903
572 759
785 778
582 857
635 45
199 267
125 274
944 862
840 318
456 403
844 475
323 297
84 409
518 382
482 618
430 270
521 354
30 306
132 964
516 119
361 67
387 486
341 683
348 182
353 157
585 549
632 260
846 69
22 365
451 504
983 234
127 857
588 157
515 721
121 31
840 835
98 579
321 792
614 670
974 319
179 911
868 163
523 715
232 545
432 36
402 767
270 529
624 210
686 140
283 159
523 476
994 974
407 668
766 22
338 92
693 869
355 914
32 878
629 265
424 413
653 826
532 275
355 509
485 393
649 121
552 524
597 899
498 4
567 616
378 257
708 72
126 415
986 510
294 967
127 70
380 780
896 912
55 603
421 893
996 422
14 900
299 611
799 797
967 366
766 346
975 474
418 101
242 404
964 536
723 91
606 455
872 854
719 279
457 493
524 453
267 890
705 566
853 505
716 821
223 482
167 551
308 585
4 550
341 968
438 64
60 44
519 284
898 238
915 707
731 440
512 999
682 218
917 536
75 633
357 650
115 524
201 776
461 206
326 802
174 765
218 586
161 89
222 412
327 138
119 411
930 984
762 612
202 31
148 277
665 505
279 132
29 481
908 842
39 587
644 213
704 214
152 865
303 374
629 983
512 101
746 794
85 860
407 287
891 555
916 908
413 195
41 794
28 301
637 67
240 633
633 944
848 785
162 151
511 791
134 24
892 880
170 977
740 577
616 632
485 532
540 898
80 933
692 108
235 681
528 827
315 161
772 163
298 286
314 809
77 801
185 322
681 356
651 774
933 620
406 418
152 298
668 584
232 713
45 819
394 573
998 61
86 770
576 384
56 243
193 486
44 731
160 77
87 163
851 372
783 609
143 288
908 811
872 492
876 269
663 623
194 661
36 280
784 613
664 192
856 210
678 900
293 190
329 380
354 181
104 489
790 247
777 50
411 2
542 639
271 205
262 466
219 299
98 3
912 115
195 120
677 226
372 970
416 701
350 122
882 806
612 25
54 741
75 817
743 618
456 367
175 719
185 394
370 283
397 634
398 593
754 75
819 126
45 587
179 747
554 674
87 960
767 514
777 511
132 585
230 660
656 415
54 26
698 804
12 449
749 118
524 920
244 922
507 776
669 569
838 575
595 277
887 363
791 16
226 276
602 456
288 258
871 342
637 921
498 649
370 247
768 247
519 364
169 379
140 190
948 330
118 896
959 5
611 103
22 837
731 624
645 19
234 868
713 871
789 212
873 512
811 993
759 683
357 928
62 850
470 10
532 588
258 492
946 869
595 968
58 678
944 703
697 530
571 410
402 713
974 627
225 138
620 984
821 329
264 883
179 86
245 712
675 504
556 621
725 151
941 784
181 237
839 878
767 411
288 521
476 615
148 701
753 768
37 574
450 653
457 629
739 54
693 766
558 249
739 284
752 32
420 933
269 259
811 37
22 452
558 498
67 59
551 820
179 940
746 629
593 555
259 685
609 952
451 520
554 543
804 306
575 576
240 845
187 51
234 210
855 792
60 922
203 964
94 383
904 840
12 498
747 623
535 357
928 986
877 482
529 33
788 457
961 380
302 148
784 536
710 639
680 771
914 236
735 8
619 639
201 983
489 948
607 24
657 535
363 886
369 244
919 157
701 232
890 355
381 674
891 91
313 924
214 227
160 949
588 131
941 141
114 782
441 721
159 99
608 522
337 329
118 609
487 820
841 729
175 222
403 419
666 68
695 880
296 855
182 236
986 475
729 100
257 170
174 768
621 134
642 959
464 761
568 303
933 761
32 460
336 435
879 2
503 574
882 151
781 416
739 767
891 468
220 501
639 746
269 612
880 912
923 344
25 491
999 958
605 31
418 941
818 650
943 674
224 177
825 6
594 917
125 837
737 697
338 728
443 960
341 324
224 264
20 249
108 20
559 713
403 977
654 222
627 949
896 204
126 73
562 72
342 39
262 80
737 952
808 180
912 149
856 136
414 229
737 874
249 296
587 652
274 593
226 253
542 474
809 20
548 723
93 890
763 707
322 852
659 131
384 572
280 241
60 46
470 798
920 71
94 859
75 720
452 302
974 346
128 135
367 676
859 812
919 974
519 241
826 178
724 210
102 5
803 163
403 625
961 676
696 407
535 124
128 340
778 454
686 906
589 53
935 800
217 206
774 736
799 952
267 524
881 318
884 284
944 197
960 992
605 848
468 733
540 246
539 226
153 128
632 88
929 201
646 55
938 445
8 557
969 523
278 850
193 515
487 489
712 799
834 669
647 302
754 187
549 293
766 54
774 750
494 703
951 140
110 241
585 118
798 555
993 429
757 539
944 244
28 8
44 862
30 43
165 784
583 66
430 701
120 204
451 614
259 754
754 369
996 691
840 146
246 833
927 356
372 223
600 753
232 996
967 262
40 484
398 975
550 180
676 670
384 127
636 995
233 742
365 229
434 557
728 680
390 655
388 115
879 341
220 463
337 187
77 729
672 827
704 222
8 732
245 744
859 233
92 445
976 457
674 410
366 754
442 108
762 831
223 993
172 795
456 861
983 885
943 655
712 647
229 72
380 826
169 591
60 261
718 63
446 84
169 888
192 931
719 768
276 243
563 84
105 898
969 48
905 34
47 135
106 779
961 275
723 373
536 111
409 606
526 855
42 696
744 587
979 815
707 608
59 622
692 516
521 662
564 778
696 963
913 154
743 227
430 466
600 318
929 10
925 456
217 319
504 313
906 483
481 965
443 540
588 136
56 461
798 972
239 846
935 505
0 30
732 782
496 684
453 778
46 730
234 616
49 738
929 308
573 410
273 17
302 213
153 710
674 303
682 266
501 970
771 853
0 855
988 849
891 441
627 938
171 213
554 220
951 835
880 876
598 154
245 900
719 398
963 746
53 997
12 906
967 135
760 320
342 748
521 233
541 500
523 712
713 429
284 16
617 165
892 215
671 138
467 390
888 430
136 294
428 500
552 747
987 312
67 329
412 940
915 305
440 438
17 153
868 302
521 485
467 766
52 490
904 519
880 144
950 369
790 730
869 343
477 209
7 897
538 772
837 453
77 630
244 95
135 464
749 657
301 568
423 353
58 679
224 938
823 526
659 614
256 529
309 86
738 316
335 628
88 172
434 166
154 678
613 290
494 362
947 795
930 722
500 340
401 76
630 576
603 290
542 211
819 851
297 909
168 984
889 608
509 323
774 663
353 387
953 847
101 252
994 383
974 846
723 727
923 354
304 526
644 846
89 815
698 739
76 218
723 965
826 232
289 953
896 994
340 201
194 794
454 188
177 780
387 901
508 310
255 812
188 251
10 277
66 60
16 142
630 740
459 809
324 100
762 572
95 454
774 289
248 580
829 426
360 216
679 220
526 286
384 714
537 747
344 955
807 360
449 438
452 908
599 129
9 361
701 104
815 475
745 416
407 574
194 120
791 873
340 669
159 77
736 48
824 80
355 631
792 804
421 245
712 20
374 73
733 427
529 901
903 274
317 662
849 511
782 992
736 123
661 895
552 397
295 376
829 650
359 622
454 133
219 518
505 593
592 239
372 121
140 627
748 809
290 597
320 72
941 408
547 954
655 99
352 950
827 181
600 187
803 406
320 374
276 825
319 220
416 692
694 556
319 442
717 609
391 37
34 332
445 581
286 452
33 990
402 860
524 354
399 679
112 719
54 389
897 373
961 313
65 655
222 385
97 939
346 488
172 774
314 811
579 699
801 981
911 325
688 311
5 800
30 411
541 927
784 503
593 850
158 815
587 256
754 285
96 83
666 269
210 332
80 789
383 233
770 294
559 458
605 916
611 988
327 152
267 463
655 860
313 814
675 252
422 430
538 518
513 556
139 723
888 571
864 623
805 635
917 716
445 523
984 56
863 663
209 130
126 216
991 792
30 666
44 452
96 582
323 962
490 462
37 730
386 902
353 543
889 271
259 686
146 595
95 9
258 656
139 384
872 130
176 255
149 573
59 597
507 382
559 998
197 949
728 583
203 82
126 92
705 737
130 851
332 225
212 942
233 351
326 106
834 855
713 983
780 772
580 287
155 492
637 704
441 718
287 644
800 765
88 857
854 570
