659 636
924 408
472 830
353 625
925 808
71 261
271 884
82 31
737 351
675 139
647 660
988 857
328 512
936 171
417 4
192 428
640 468
189 464
650 542
441 927
350 512
540 974
397 623
357 134
326 32
626 973
45 966
830 373
831 766
897 248
122 89
29 114
909 218
579 559
760 372
487 463
885 27
789 634
650 146
120 328
531 98
301 928
65 483
653 896
602 550
496 724
639 877
191 900
95 122
460 208
494 947
23 731
974 164
365 977
310 838
305 193
936 959
121 353
442 775
249 396
325 98
121 317
975 664
217 423
786 29
983 280
976 358
364 303
522 729
632 184
919 289
378 856
248 851
209 43
978 811
439 304
261 912
973 588
576 542
11 714
572 346
347 900
704 711
203 578
792 187
763 712
477 141
568 725
344 129
120 323
292 912
979 553
824 304
142 753
846 505
819 770
852 166
671 908
877 226
487 670
766 250
734 243
743 654
320 87
783 441
762 76
705 741
629 881
45 123
634 244
629 454
366 833
972 389
741 850
968 228
872 734
830 958
977 573
612 649
13 395
90 127
823 795
221 805
677 618
928 663
862 557
469 581
390 442
970 484
644 938
64 868
24 895
826 353
820 438
3 185
185 445
313 361
593 534
166 622
152 94
285 367
4 107
948 746
901 270
582 897
561 647
117 585
894 943
939 714
733 942
252 270
387 565
631 980
451 797
602 955
244 240
674 600
699 974
698 952
245 281
849 158
928 966
743 822
261 34
888 994
328 140
264 68
57 896
400 860
45 355
816 289
947 490
889 646
465 588
598 62
869 799
572 149
765 667
323 378
702 211
372 382
704 988
802 761
236 203
622 282
910 438
923 857
280 813
855 97
753 805
511 974
604 83
123 721
751 798
99 805
9 823
187 713
163 990
827 400
545 449
34 455
239 957
664 871
770 519
321 875
324 832
849 280
268 324
353 19
122 804
824 484
627 363
549 142
705 376
542 250
177 576
57 416
886 721
288 656
240 609
884 916
793 733
548 61
410 901
432 532
705 608
368 684
972 918
827 677
646 721
280 824
650 337
592 536
411 232
544 651
193 428
920 987
162 820
400 924
722 833
808 779
441 177
464 413
447 643
443 93
364 75
917 14
764 510
550 175
742 95
179 288
875 451
275 389
271 675
313 993
508 122
125 302
299 589
67 746
584 862
191 948
937 109
315 54
971 217
229 65
664 760
353 540
211 980
929 483
8 243
828 868
365 953
170 16
894 238
762 478
452 305
779 742
414 94
796 737
311 377
155 328
138 860
868 349
841 797
832 849
392 661
69 757
614 240
125 861
830 239
339 282
545 118
24 311
564 172
49 228
550 556
556 688
416 424
37 609
573 222
810 966
235 880
75 201
472 201
62 302
440 402
936 985
872 961
297 437
485 698
665 35
254 221
723 22
997 113
632 570
335 794
888 922
674 964
123 146
517 186
800 957
940 737
295 812
50 944
249 535
994 914
571 600
487 646
622 484
759 606
407 446
401 295
368 427
259 492
926 128
30 726
86 970
815 733
134 217
29 384
753 23
650 676
975 490
674 597
326 434
556 733
880 957
29 601
736 640
445 662
769 475
389 207
797 556
292 931
774 321
667 879
696 670
907 671
512 581
620 838
15 176
572 248
485 953
201 222
945 646
236 714
473 977
273 270
534 565
553 308
238 573
539 286
595 446
309 107
27 930
945 395
458 869
995 296
174 196
518 120
194 106
834 667
84 460
937 618
377 842
278 616
415 817
254 10
263 564
469 290
846 415
37 304
636 32
600 811
580 470
931 774
577 117
441 661
577 730
631 955
573 909
923 340
78 529
703 341
93 172
983 939
939 21
244 576
405 196
387 986
667 318
112 596
787 554
609 365
284 240
672 209
501 947
902 579
476 605
272 570
777 255
861 717
628 457
645 34
654 32
372 673
702 484
621 489
390 230
206 27
822 878
236 323
177 490
254 654
95 526
576 225
781 789
294 762
247 939
148 253
323 520
278 25
356 899
514 747
481 721
774 303
951 362
978 481
205 232
487 300
758 415
877 891
204 171
653 803
462 801
56 785
673 334
810 382
585 677
481 66
750 607
369 53
969 699
534 526
931 21
827 41
436 56
933 993
580 938
796 42
92 853
180 117
539 990
499 477
19 980
543 769
587 265
175 909
964 709
435 248
83 614
289 871
671 222
864 603
513 661
997 605
866 177
722 757
520 574
234 539
554 130
661 494
747 836
403 63
545 190
311 980
805 601
852 828
175 68
431 688
729 428
645 947
958 720
57 478
294 643
17 200
125 678
694 872
514 449
936 412
640 247
392 797
200 596
625 376
665 408
416 746
188 62
694 498
782 103
976 428
746 994
628 224
24 323
96 891
124 384
303 764
632 47
561 184
644 538
560 309
298 329
55 839
743 101
337 525
556 666
305 655
660 933
879 36
608 975
927 733
360 230
849 344
630 763
528 274
653 441
935 952
122 990
143 865
444 832
742 0
498 47
655 510
332 534
547 941
862 826
26 574
57 875
270 687
638 150
313 292
943 248
596 65
590 91
930 386
923 672
739 774
71 394
636 404
281 535
697 495
362 723
69 771
950 691
810 589
841 123
233 785
723 181
850 313
272 133
52 547
805 791
673 229
185 310
633 818
845 330
313 559
405 734
330 355
425 140
944 619
615 529
404 338
710 254
4 334
739 56
234 545
199 907
126 736
569 759
555 767
441 220
326 846
307 657
201 84
149 498
703 117
27 107
455 90
714 811
776 453
219 10
350 418
918 476
155 487
235 62
254 28
282 933
874 941
942 76
26 91
574 729
208 953
837 16
395 903
179 172
356 399
534 59
817 452
535 324
292 123
386 898
151 21
183 26
962 125
454 988
569 380
718 777
685 907
145 81
810 325
605 518
76 139
577 245
944 113
570 588
588 956
838 739
329 22
117 292
147 923
280 68
303 350
846 341
609 343
774 419
20 379
290 96
870 867
342 166
332 912
106 920
220 945
12 550
319 481
194 818
405 826
887 60
177 85
401 138
428 175
558 449
906 848
545 129
67 239
295 400
151 402
672 724
699 36
274 18
518 468
836 275
646 723
335 823
160 89
962 589
616 872
390 523
72 287
4 139
527 299
891 30
53 564
754 752
600 380
122 470
200 959
745 847
34 433
22 547
874 984
136 490
208 878
365 632
165 369
772 44
669 15
75 74
579 181
827 532
562 301
2 762
260 100
609 647
885 632
194 759
968 682
249 177
912 615
161 429
336 285
474 5
301 901
432 232
82 611
116 644
912 471
407 525
571 16
172 456
0 718
215 969
752 816
498 664
783 659
93 120
945 567
477 598
468 909
830 903
520 947
547 433
418 306
958 341
323 482
149 675
552 364
644 304
532 142
968 316
154 413
436 451
981 913
49 801
175 879
56 695
178 604
480 948
910 790
289 585
624 438
261 176
154 257
832 687
752 800
355 258
214 791
709 547
56 758
700 231
989 757
279 520
713 111
468 975
902 758
913 526
548 526
55 703
783 887
742 887
40 97
145 606
240 854
505 296
964 557
880 954
314 159
474 379
270 294
355 524
52 620
403 601
146 458
656 929
697 750
169 737
847 314
695 439
169 200
735 133
758 967
439 424
126 265
156 749
560 863
625 964
483 28
917 629
838 573
910 536
323 79
625 522
394 321
961 915
873 49
400 983
16 840
760 495
457 916
596 17
779 221
982 614
602 899
243 440
825 505
328 500
585 954
375 331
627 336
598 500
737 998
836 106
190 596
953 648
512 901
665 643
122 999
257 76
899 852
517 76
357 845
576 294
151 951
977 778
640 575
631 729
926 467
835 116
415 788
116 927
689 782
922 164
133 531
592 32
383 109
460 92
307 37
387 458
340 716
589 980
292 220
710 570
39 897
686 454
38 803
733 79
937 655
595 70
186 188
455 921
297 915
13 956
304 752
767 997
469 356
329 113
576 391
683 967
289 369
421 327
524 154
758 813
161 354
236 699
542 691
620 191
958 985
500 615
738 267
612 207
623 941
672 551
333 355
518 974
76 939
653 601
445 411
766 606
765 2
305 659
45 277
851 356
262 351
971 0
970 935
559 593
228 231
496 913
938 14
887 15
305 892
968 750
304 734
708 421
89 13
81 134
642 284
490 904
987 813
257 957
100 168
902 681
400 398
594 338
764 834
705 69
726 673
171 30
760 231
452 849
596 885
983 238
169 826
142 508
991 399
465 444
568 367
125 320
117 71
10 881
905 716
302 632
741 473
14 501
56 818
350 652
55 686
890 224
864 32
84 207
784 549
651 704
268 128
376 737
200 738
618 105
454 920
89 548
745 456
401 801
274 752
453 330
790 343
906 6
728 991
565 864
892 217
568 513
345 296
250 897
34 221
3 841
141 444
389 239
900 790
40 175
894 846
857 36
541 115
394 269
106 960
485 351
177 405
216 874
701 466
124 736
687 127
929 181
923 318
420 824
351 707
658 208
743 200
323 490
469 782
450 307
133 979
712 701
853 414
167 329
502 207
456 431
388 380
101 160
556 913
972 907
620 631
467 716
831 142
206 652
924 656
959 409
987 24
110 192
790 630
522 292
837 978
75 577
710 528
737 618
441 61
525 414
692 344
130 875
487 688
528 411
696 839
173 683
863 283
875 653
265 397
297 102
728 724
31 438
252 120
409 46
182 934
460 226
631 590
102 118
630 982
881 326
821 54
9 37
690 884
42 955
634 692
410 362
416 441
152 21
562 561
67 96
848 527
322 479
469 424
597 99
406 478
777 580
885 786
969 575
22 11
530 656
703 940
370 472
734 523
493 648
84 912
744 284
791 418
763 260
195 712
711 953
543 840
533 428
978 502
3 352
866 885
9 921
178 379
745 912
254 590
912 339
502 656
623 293
426 739
905 621
451 968
575 994
808 108
774 786
963 129
139 181
15 500
102 545
231 200
457 486
790 369
177 293
377 152
938 803
243 844
777 695
812 352
41 973
812 168
759 127
297 250
308 664
750 763
209 334
963 18
172 753
739 349
398 116
853 337
272 97
181 401
144 345
753 537
318 917
705 78
680 353
19 431
468 229
117 431
247 289
537 987
990 935
455 843
272 79
292 453
480 436
799 585
974 117
503 31
547 548
386 228
253 406
11 722
987 128
505 234
417 42
573 407
978 381
602 250
460 895
56 293
683 855
230 657
324 733
41 872
633 427
100 239
185 463
313 172
591 818
759 8
213 684
767 543
65 369
793 878
616 201
523 300
408 753
309 733
839 350
957 472
130 409
63 667
872 376
192 463
547 303
823 760
987 942
303 405
663 448
635 280
650 158
580 58
263 241
143 102
944 100
927 74
509 990
93 381
367 285
196 914
940 19
26 928
313 681
685 977
129 320
609 779
478 189
190 741
782 333
196 726
434 123
152 295
113 246
29 832
883 225
98 824
597 124
104 910
805 789
887 287
109 496
418 939
37 608
32 172
294 228
898 728
703 403
375 817
649 404
1 884
630 100
708 579
576 164
489 734
953 729
21 414
577 439
705 967
48 90
139 694
318 389
422 22
792 149
191 793
554 192
678 536
292 738
115 221
903 956
955 208
37 976
975 615
415 680
934 815
122 425
509 441
814 283
815 959
785 358
752 339
902 782
227 195
521 694
768 776
650 723
336 40
699 311
655 466
344 941
634 466
366 495
259 180
131 426
139 268
784 244
959 687
26 186
234 547
232 2
675 882
77 12
274 128
675 929
946 371
222 932
838 588
780 449
769 911
876 260
179 12
504 138
51 883
676 637
782 908
991 458
142 68
822 417
196 497
698 143
869 921
427 59
861 207
508 982
118 736
243 649
749 99
139 152
982 167
790 765
427 781
575 570
850 397
339 398
246 389
893 467
310 321
878 524
528 739
506 999
475 749
0 576
201 492
81 535
659 871
652 439
4 227
9 206
976 700
605 575
89 850
42 752
523 273
276 404
12 782
403 839
884 755
768 437
599 849
972 611
72 625
50 76
852 411
283 181
111 888
756 552
90 150
304 614
423 932
18 787
67 773
627 951
528 747
388 480
596 712
91 668
337 141
744 190
552 27
371 15
267 479
567 710
629 224
324 53
156 342
840 223
467 819
526 347
566 266
827 514
979 918
182 316
59 279
858 963
658 581
978 278
60 898
988 690
122 664
95 278
358 287
854 825
107 380
172 25
999 0
540 978
918 74
294 330
705 505
293 364
86 624
994 499
522 982
189 644
998 636
274 356
923 128
181 30
861 353
408 860
353 948
838 624
374 484
954 80
989 599
444 428
575 438
927 97
772 468
93 770
104 368
126 27
848 659
410 709
12 818
921 718
118 111
694 492
948 0
924 937
599 368
365 527
158 644
624 282
112 70
404 216
438 882
596 286
541 6
348 906
176 621
976 646
85 670
138 33
670 63
970 621
783 688
148 294
332 125
928 445
195 333
13 985
567 609
623 109
615 971
367 143
945 343
789 30
13 280
63 35
695 385
656 830
73 157
124 758
634 405
203 829
90 568
814 657
178 789
118 793
761 485
289 58
180 78
88 545
358 503
580 53
888 589
236 314
98 360
72 732
765 627
913 207
195 79
865 373
868 983
519 981
821 808
39 1
238 479
547 597
982 479
2 223
68 238
537 166
951 961
250 68
588 163
276 135
242 493
509 111
476 380
92 649
540 484
651 778
963 550
727 298
29 82
873 450
672 762
616 975
723 219
44 663
382 672
798 625
517 659
88 993
39 532
995 579
16 998
710 332
548 437
982 929
519 855
379 544
617 348
519 692
567 915
355 301
939 153
926 456
813 366
802 204
899 797
136 267
795 846
951 343
635 933
624 507
140 4
51 109
704 570
801 271
838 508
924 777
14 851
234 827
569 36
383 820
185 519
88 980
717 391
675 353
677 299
212 817
655 263
279 359
185 432
982 23
941 907
153 955
110 739
134 679
127 869
852 312
389 940
292 458
683 319
811 360
618 23
530 274
638 809
985 176
241 320
551 534
227 704
841 689
443 327
720 570
197 572
234 586
864 526
44 548
845 208
908 816
583 438
442 574
599 427
750 193
747 301
727 326
358 921
15 801
248 736
724 445
660 958
31 525
837 428
73 34
988 981
850 923
772 292
849 371
72 599
564 171
253 644
498 611
565 865
764 813
953 840
259 614
151 642
139 988
422 212
374 762
545 577
38 317
221 887
41 293
487 605
465 92
249 315
703 166
532 819
980 486
660 591
100 811
585 591
151 360
803 877
474 700
454 512
370 676
400 411
321 239
16 138
331 618
805 386
784 338
557 116
824 217
59 276
380 997
867 883
357 22
113 831
722 567
696 92
595 96
503 269
687 872
407 370
490 565
108 626
903 665
95 79
235 154
355 615
503 222
851 860
244 964
44 318
883 740
411 831
188 914
100 227
138 859
597 628
424 57
607 679
722 702
758 957
208 113
925 712
335 128
924 931
444 320
250 679
412 13
510 600
279 962
179 418
174 776
398 950
833 5
630 908
59 388
865 620
854 142
684 541
270 960
473 66
281 75
746 693
88 256
646 367
571 177
785 745
954 184
695 139
541 325
399 601
66 617
573 920
759 257
461 382
217 286
448 850
713 194
544 801
803 542
169 374
719 306
471 25
842 166
517 384
844 916
337 262
533 262
534 645
519 995
27 736
634 827
587 347
374 483
501 529
377 22
903 448
328 726
474 523
244 343
259 88
611 948
702 145
210 236
142 729
584 521
817 218
348 756
917 74
591 418
603 968
440 858
769 121
584 243
644 829
938 903
269 549
851 972
46 413
208 188
142 792
709 311
362 410
68 632
484 659
50 88
980 491
298 749
964 883
344 608
712 282
863 333
183 66
305 230
479 866
770 621
10 832
932 373
242 352
5 78
12 407
518 344
250 817
93 214
700 437
174 764
71 37
97 254
103 755
836 582
621 607
555 631
439 840
356 33
192 713
463 556
121 982
900 723
151 345
938 203
134 464
967 205
502 416
812 957
171 0
540 144
607 447
776 398
287 484
783 480
198 247
388 671
581 289
394 84
986 684
287 121
501 606
326 3
374 490
960 546
491 852
42 450
300 170
201 587
655 984
419 853
583 808
876 516
449 622
600 435
659 239
556 160
845 235
515 220
725 827
118 568
680 160
19 332
331 220
271 338
556 691
543 492
851 419
360 300
393 961
735 52
200 644
564 398
879 79
618 956
525 939
600 896
623 283
468 894
621 376
585 164
868 436
935 229
88 329
542 176
733 94
820 298
492 51
729 462
359 988
550 884
279 151
132 902
434 600
797 408
329 382
572 549
171 508
130 259
837 672
435 922
119 607
220 611
10 302
74 370
290 976
606 922
479 739
824 914
691 621
322 20
356 246
922 879
754 52
490 943
77 278
218 196
885 438
807 896
92 233
266 735
210 872
657 689
963 481
955 655
455 629
27 163
228 949
42 334
354 532
278 431
810 496
627 48
286 786
944 731
20 562
466 582
786 123
623 102
956 931
109 411
912 136
574 140
438 968
475 792
501 105
575 663
953 202
711 591
988 7
322 360
921 788
294 60
263 270
162 220
201 271
983 113
759 910
606 197
878 433
341 731
538 916
395 843
470 106
434 811
466 757
171 387
897 818
447 161
88 609
733 289
880 716
754 640
626 712
189 857
145 883
588 683
799 983
526 270
442 313
81 908
70 604
647 319
422 95
480 862
56 213
503 289
282 258
929 260
322 470
117 468
353 58
503 505
41 382
775 835
695 208
95 117
164 743
436 939
838 269
801 894
834 657
535 116
915 464
377 589
287 846
57 992
904 561
497 298
295 624
485 990
832 581
107 349
324 543
288 514
812 441
760 647
98 296
115 365
112 844
955 399
691 364
392 947
277 889
597 572
514 83
914 698
664 21
399 988
917 39
502 81
833 262
728 931
910 196
649 23
40 956
422 83
672 166
383 302
408 980
874 274
415 141
324 79
162 724
419 431
763 273
513 596
888 593
880 798
789 881
821 830
189 596
265 861
114 648
163 522
981 390
796 396
531 121
828 45
197 247
477 312
873 990
261 761
935 493
911 725
374 85
907 563
681 172
776 795
173 292
318 154
682 466
902 565
939 730
962 136
330 439
449 203
781 710
316 717
203 227
794 929
312 53
844 345
577 972
141 750
264 811
256 298
629 511
215 569
241 178
57 571
617 506
126 751
568 442
820 123
22 614
404 334
19 248
32 596
221 525
347 485
688 955
136 317
466 351
238 60
529 296
983 499
154 110
250 75
904 422
198 926
388 603
613 407
203 997
3 424
522 702
262 210
10 398
527 476
749 766
888 631
414 872
130 568
334 732
643 238
506 194
517 894
149 482
301 352
479 656
777 1
711 391
211 721
789 90
549 890
208 438
873 622
310 355
543 644
87 538
234 593
732 103
839 233
585 492
586 416
149 715
769 860
106 980
933 247
423 482
489 631
920 715
606 230
70 501
226 510
39 813
455 124
268 295
357 206
787 295
622 288
10 392
500 468
724 433
67 499
916 909
131 836
624 89
419 46
590 997
556 981
162 12
105 431
307 815
637 446
462 611
87 825
355 587
293 80
21 713
579 937
974 62
125 598
503 896
644 445
894 553
427 408
565 884
839 224
51 828
22 514
440 109
339 795
697 984
227 718
697 159
7 23
573 484
621 77
381 618
522 627
523 301
35 88
186 875
664 237
103 847
796 442
643 493
427 222
563 476
733 922
500 307
758 473
736 139
443 610
766 966
264 154
406 450
381 70
39 436
109 143
284 905
937 279
750 364
853 665
193 587
587 693
246 345
166 982
837 962
944 955
928 208
109 687
10 490
757 402
927 866
897 563
123 834
842 873
551 695
538 744
634 477
789 880
175 307
214 12
269 159
319 550
719 781
237 730
271 346
484 550
565 381
465 688
567 307
914 118
355 804
214 989
282 3
870 809
311 84
173 932
595 492
482 315
273 71
45 897
418 881
799 335
262 265
375 829
572 289
300 927
446 514
269 80
518 139
889 181
575 62
113 171
906 948
486 180
19 883
429 789
764 228
476 378
493 852
207 66
493 859
345 291
374 614
371 244
105 612
777 681
674 242
204 933
190 42
465 562
925 894
703 41
122 532
419 616
384 978
34 229
838 731
521 564
698 244
160 803
857 937
836 883
179 40
816 370
82 281
284 359
175 339
752 298
871 523
266 255
854 652
837 44
383 710
608 81
954 768
237 163
705 425
47 236
818 863
958 252
145 242
964 672
582 716
970 453
592 588
61 446
240 250
490 976
312 450
409 266
570 998
782 627
424 829
863 242
692 822
846 189
416 810
862 350
527 184
804 119
125 217
917 365
819 759
693 131
561 455
749 131
453 531
110 229
360 973
823 405
147 670
594 564
480 808
266 359
993 70
830 118
639 99
835 458
858 881
941 419
336 691
902 141
222 12
371 583
338 546
340 837
568 934
753 401
743 20
760 88
442 943
206 82
42 41
892 253
922 834
24 610
877 279
752 99
291 475
34 981
21 374
819 942
661 924
343 756
944 455
844 387
398 50
821 793
443 65
398 718
251 422
328 128
701 432
580 345
907 614
678 281
341 497
223 2
774 566
758 718
21 954
105 772
4 278
565 799
344 963
517 947
737 198
76 791
982 656
136 890
622 814
523 963
664 98
317 438
664 75
508 37
29 966
161 385
244 78
537 940
393 54
888 131
604 316
922 587
972 410
829 946
576 352
910 592
450 227
382 466
655 891
855 36
857 17
422 453
447 959
746 841
365 986
324 322
302 246
909 626
8 90
572 936
794 482
529 244
62 911
62 717
154 269
753 363
638 527
169 86
838 915
927 204
901 251
878 555
849 139
181 857
229 753
793 23
588 674
619 2
938 33
71 92
302 176
808 941
704 977
27 542
892 306
98 145
909 976
700 758
467 881
967 696
986 112
71 926
139 690
928 77
723 351
521 378
528 329
319 232
306 698
126 550
4 577
695 913
905 395
23 373
628 342
69 615
454 141
893 593
183 174
22 259
525 544
637 53
873 956
637 180
654 764
82 10
693 778
275 598
173 650
971 802
992 393
769 446
886 14
392 69
188 414
328 714
310 317
119 184
273 109
716 279
225 798
641 918
576 916
516 102
566 488
256 910
233 377
357 119
391 101
188 580
867 869
646 178
186 117
362 812
226 430
443 451
228 85
369 157
353 238
611 272
78 867
182 311
596 891
430 987
992 618
919 212
839 917
390 378
387 104
190 613
534 633
417 114
70 138
271 424
376 882
696 454
101 230
765 697
122 195
37 466
166 308
678 357
226 420
735 613
524 925
578 58
911 995
173 981
486 796
757 862
31 805
317 132
36 434
182 510
630 219
976 148
879 7
505 105
427 593
70 304
518 649
362 781
996 887
115 482
36 872
697 67
678 14
551 66
448 85
576 430
656 904
930 536
911 436
641 691
381 64
995 251
65 709
33 413
949 148
896 985
372 945
404 50
959 955
116 759
393 44
542 49
949 472
585 860
260 579
903 641
643 898
893 60
608 278
473 909
778 369
894 150
314 298
553 625
605 669
66 631
400 15
455 985
227 68
916 131
709 559
29 954
619 989
584 93
898 362
814 144
513 481
442 418
458 400
439 547
750 505
178 150
520 634
488 748
702 404
879 763
316 260
70 287
250 654
732 500
369 899
645 234
380 439
652 190
839 91
90 942
597 268
444 117
254 932
865 308
337 96
72 653
357 494
292 959
500 25
459 869
924 104
103 656
896 755
846 87
847 288
29 444
557 474
913 163
406 131
472 95
579 896
100 936
390 393
247 890
418 707
112 694
163 215
350 59
971 548
499 170
837 528
966 746
354 231
909 113
362 381
560 942
277 661
230 19
262 176
537 374
870 700
589 220
112 912
768 611
434 957
491 752
703 846
984 613
311 346
346 871
640 976
532 223
995 290
701 609
466 238
983 336
290 925
908 754
189 29
365 624
986 209
376 690
407 360
655 718
59 1
941 51
977 826
274 325
116 327
934 583
917 270
271 208
195 180
962 384
209 680
360 547
241 89
237 648
801 244
718 860
246 659
264 575
485 890
252 602
218 187
537 487
457 808
695 4
340 10
740 549
42 101
97 635
542 686
635 343
283 353
556 529
364 820
456 202
710 709
156 280
248 693
120 57
853 167
61 194
177 153
95 571
254 544
206 148
583 193
492 866
546 48
747 263
868 203
465 930
264 621
563 512
314 683
569 519
850 982
65 380
136 161
303 742
57 862
891 640
55 383
858 954
431 605
217 651
161 682
933 425
303 496
290 969
531 859
840 734
194 906
466 330
67 769
72 476
631 963
117 39
698 975
993 129
933 210
132 94
244 66
871 547
914 161
868 798
373 708
532 567
614 998
249 33
767 321
510 751
637 979
142 335
306 135
817 239
697 949
685 941
367 557
840 634
70 708
432 795
768 964
714 383
314 963
768 433
637 278
184 274
609 678
961 916
813 778
507 510
80 193
803 799
102 643
433 524
703 865
320 472
181 34
207 495
350 975
929 987
606 465
261 567
144 222
483 309
353 343
172 785
888 975
584 990
971 18
866 674
883 186
498 65
573 57
912 923
33 841
910 991
659 523
558 803
745 394
464 450
737 636
235 625
612 820
967 935
838 833
961 73
20 460
490 945
517 403
868 902
596 130
893 255
653 804
410 750
198 875
201 935
511 788
912 475
608 879
410 798
64 372
224 436
184 714
381 53
117 601
308 714
731 553
321 736
357 732
487 907
607 40
842 118
180 106
594 141
337 356
939 402
728 515
838 264
230 220
670 699
821 978
765 905
531 87
641 241
819 480
148 778
872 343
896 53
449 842
194 787
199 133
189 279
649 379
544 231
599 214
930 773
544 48
30 75
135 671
316 306
504 817
84 376
160 332
429 609
175 623
748 374
109 937
653 110
317 549
341 268
115 623
393 659
671 423
735 158
447 403
464 951
220 900
679 732
233 109
694 408
732 442
134 193
732 139
303 401
689 996
669 804
620 415
816 643
190 551
802 637
306 618
940 879
871 620
963 104
729 657
864 813
100 998
7 832
489 662
233 530
659 254
687 631
21 503
274 212
406 428
849 712
399 142
943 270
762 907
726 843
564 590
656 16
940 15
848 781
678 433
312 337
40 999
320 61
502 594
273 908
375 475
972 126
617 268
748 731
527 474
574 91
416 230
460 708
598 308
489 276
94 801
965 486
152 285
547 6
231 173
914 958
0 239
84 969
859 832
700 386
658 274
829 74
856 289
134 454
950 624
730 44
777 47
882 930
332 781
936 916
306 203
874 306
794 959
627 653
143 327
391 802
953 220
228 162
510 363
616 812
339 699
208 116
98 90
398 431
871 687
347 178
242 221
836 36
532 464
41 676
143 432
830 449
652 410
611 514
125 579
326 464
630 534
933 729
624 331
512 848
370 859
26 612
432 214
648 317
30 41
345 174
473 527
975 126
937 586
992 63
517 319
527 148
205 812
877 182
144 741
30 514
952 408
479 384
974 127
53 5
169 398
531 994
277 506
472 215
444 465
630 961
136 509
109 693
322 338
875 818
79 257
684 31
665 163
768 992
291 173
997 812
924 528
806 201
386 279
416 830
96 398
791 584
908 253
277 230
943 153
48 375
410 732
896 526
420 539
700 769
703 624
649 861
177 35
492 594
865 588
992 8
172 252
613 802
482 557
955 882
932 717
967 690
497 215
217 269
106 269
38 809
245 39
670 422
74 515
368 291
455 361
300 980
965 913
782 448
822 737
682 754
806 649
445 304
864 14
573 970
283 964
131 528
3 154
950 78
669 319
721 124
32 373
456 997
639 238
797 461
975 832
216 134
833 13
438 50
27 11
372 662
975 504
190 331
658 492
409 679
163 130
155 547
856 612
897 495
850 46
956 178
312 712
537 102
762 916
465 134
578 441
990 120
124 0
965 533
31 128
15 187
28 223
151 925
718 353
971 675
883 202
551 547
266 441
649 380
709 115
866 288
908 857
760 32
209 725
917 241
206 284
780 234
508 931
511 226
284 834
253 520
36 157
67 302
598 717
34 307
832 901
947 92
110 708
124 319
785 41
560 343
677 340
577 185
623 88
764 260
275 17
780 311
174 847
966 124
564 0
432 748
253 731
840 363
439 316
683 577
709 595
920 387
288 850
924 263
290 688
523 565
706 655
229 232
503 195
357 419
547 789
520 153
520 712
516 312
29 551
241 90
499 161
477 139
363 402
402 654
442 278
571 148
933 800
381 788
347 90
560 247
879 432
400 751
144 268
415 525
172 656
616 671
170 445
162 533
199 564
539 642
194 111
142 480
911 875
268 259
965 180
858 844
612 258
948 109
526 363
634 698
372 250
721 894
48 883
427 247
800 319
889 994
430 384
474 693
259 95
304 225
627 162
421 592
420 369
701 299
85 335
349 809
938 71
703 986
306 482
585 458
801 827
453 583
211 279
277 470
726 933
695 706
96 469
298 868
838 999
167 275
686 869
84 976
292 139
962 598
622 900
57 423
727 862
7 290
493 636
112 572
569 808
278 17
629 576
886 467
927 405
95 965
274 531
942 566
671 256
517 293
156 926
68 235
788 75
525 633
63 638
205 633
798 483
650 427
411 888
246 690
646 693
656 920
225 598
839 896
854 356
189 363
634 257
598 422
685 476
407 748
466 613
733 616
448 736
395 212
976 641
902 622
335 910
895 912
860 734
808 715
442 349
430 76
958 380
850 643
856 257
744 674
870 829
290 671
917 685
883 894
679 137
