222 875
156 651
273 305
856 903
94 438
186 656
703 982
462 485
310 658
449 952
85 396
947 999
54 232
272 779
245 407
120 490
493 629
628 934
766 836
838 860
275 846
398 609
236 549
208 423
376 546
9 984
124 957
335 531
114 541
155 786
521 645
151 258
138 239
437 904
75 275
117 702
473 515
23 312
87 103
2 583
463 592
940 986
321 901
443 471
626 787
309 581
192 623
761 812
249 431
17 858
134 877
350 561
2 225
457 725
308 312
128 459
253 797
68 154
470 891
258 949
869 883
844 919
75 731
605 858
332 974
209 716
461 629
815 912
637 854
272 519
84 298
551 647
67 881
57 352
359 958
179 962
242 881
23 669
964 980
296 527
595 954
767 858
577 770
582 783
207 759
57 302
291 949
524 960
16 370
326 876
729 838
323 857
71 232
35 992
212 871
519 684
542 818
286 395
221 664
179 775
428 481
71 833
145 783
151 595
515 824
244 478
14 687
86 919
911 920
121 484
157 782
3 953
642 699
348 715
215 527
491 995
361 676
144 418
13 173
295 689
125 189
204 285
205 813
85 290
468 763
569 603
921 925
556 972
904 919
40 134
531 784
481 497
559 899
84 641
288 912
102 773
411 414
306 579
948 968
436 664
233 711
391 984
510 947
429 957
204 349
340 563
44 880
791 837
830 943
208 875
1 118
532 662
320 764
111 732
268 775
331 520
361 912
316 871
625 859
301 415
216 974
206 755
613 944
349 908
576 774
116 893
577 778
341 425
98 889
73 718
16 946
50 377
718 858
69 601
254 343
485 669
470 592
227 435
537 576
311 344
152 460
82 556
334 591
423 689
223 849
239 408
795 810
653 969
528 922
74 223
176 559
892 998
119 504
41 434
47 130
199 704
261 590
281 533
57 595
170 223
906 983
53 761
145 730
58 673
4 132
532 896
44 140
531 548
259 317
589 658
447 645
389 857
258 491
205 923
498 548
375 806
137 833
211 978
219 269
3 224
401 899
445 756
39 639
345 650
286 308
107 308
517 932
190 497
8 772
748 908
123 622
66 455
260 277
785 832
788 898
56 652
39 164
78 449
156 795
80 464
81 388
13 572
257 421
556 618
193 304
167 526
779 945
392 622
574 759
224 473
547 632
125 586
148 574
16 304
448 721
769 803
188 693
168 445
76 114
63 659
732 942
512 826
800 887
461 904
480 559
458 934
112 411
260 396
338 764
59 565
212 686
214 400
379 383
197 845
261 459
504 544
203 330
56 442
312 482
41 255
542 792
256 851
247 953
643 868
11 785
223 703
471 917
202 975
172 652
47 464
433 903
8 988
64 233
67 782
38 728
460 520
311 580
128 885
558 996
529 569
134 584
144 957
119 501
160 506
559 644
429 970
463 978
48 770
394 552
116 122
576 942
522 994
122 888
760 798
289 470
368 956
864 873
726 914
74 336
232 980
202 633
448 761
531 532
497 926
84 613
378 400
394 541
253 429
13 868
228 691
302 948
527 647
164 561
253 500
838 987
832 973
392 594
421 925
477 918
203 913
604 883
292 425
545 998
219 854
434 558
212 910
557 734
739 899
344 471
458 751
182 936
431 927
205 882
359 852
123 407
7 273
11 917
362 784
462 990
372 581
425 843
511 584
400 675
223 410
19 514
34 554
450 817
481 684
22 685
43 146
92 668
456 505
289 585
47 818
279 399
56 419
242 355
568 994
30 330
50 570
196 604
646 956
421 437
330 444
474 726
918 942
394 799
332 374
192 440
71 379
151 943
128 537
48 506
884 889
454 730
927 939
247 410
831 925
36 608
510 627
334 921
80 428
155 720
160 412
144 347
232 643
295 712
153 180
416 760
42 842
333 870
280 769
695 932
464 968
91 303
830 989
13 611
69 85
482 766
113 246
626 830
108 273
641 894
6 778
57 173
280 848
618 858
791 912
376 665
111 968
820 942
833 957
378 553
270 319
860 868
784 838
698 893
463 944
594 886
943 950
767 799
223 977
136 769
120 434
232 864
684 754
174 711
79 869
89 140
302 750
8 534
59 492
308 779
3 665
902 954
21 961
105 184
350 874
471 672
537 660
414 703
229 573
125 443
566 660
410 935
220 943
65 296
76 354
373 710
93 627
16 54
0 121
350 591
263 347
7 821
152 876
421 726
457 898
469 521
456 816
37 879
176 751
106 454
179 604
168 697
184 806
752 806
343 657
4 508
682 958
11 463
558 784
189 368
62 682
498 837
69 518
269 887
245 341
727 849
520 895
678 898
431 650
88 836
92 656
27 455
119 937
239 660
273 657
495 722
124 592
11 916
161 213
705 941
362 577
188 260
256 620
92 263
60 960
153 789
616 816
87 960
106 552
99 763
173 825
610 949
526 765
313 331
39 370
401 624
812 947
14 203
277 784
648 845
437 589
350 558
606 662
645 712
97 214
392 827
270 438
388 693
358 964
356 719
343 728
676 757
123 507
231 644
400 879
342 841
191 669
627 900
545 853
420 691
518 642
265 812
308 857
5 625
216 724
944 981
90 419
278 620
214 852
922 966
83 763
104 308
208 306
83 512
106 774
100 284
448 645
305 717
305 722
282 521
263 446
217 466
438 706
496 920
642 770
78 238
547 886
534 544
107 618
408 565
692 744
666 741
140 735
47 446
458 681
256 319
137 945
3 474
322 576
275 570
444 513
648 682
183 412
227 872
635 801
437 897
455 680
639 820
38 191
618 649
719 938
16 905
3 19
53 294
574 850
160 222
532 924
757 759
796 910
234 747
427 808
41 799
232 247
218 837
233 908
156 491
231 925
222 296
587 628
161 943
103 478
10 383
27 493
122 176
221 403
211 410
648 803
10 247
36 199
465 621
108 973
33 112
335 557
144 681
624 963
305 793
40 79
107 155
277 533
283 937
45 850
498 500
511 848
98 236
62 915
170 858
889 970
446 555
237 657
590 972
247 861
293 765
287 921
173 400
35 550
110 401
432 962
251 632
349 825
221 888
79 265
58 506
401 966
59 304
203 894
31 416
149 493
132 709
422 461
305 972
767 848
632 725
730 977
265 555
486 678
295 443
854 917
318 801
105 820
375 729
113 351
143 844
205 614
36 977
634 666
8 867
402 734
132 499
63 116
687 741
483 602
37 871
689 838
542 861
271 296
236 647
731 736
350 844
173 936
603 738
747 807
209 822
321 833
341 896
381 438
392 637
216 674
264 905
806 865
161 766
354 429
160 518
85 356
220 374
529 959
337 977
58 151
891 898
240 472
139 262
776 973
189 655
271 803
20 446
212 429
533 858
693 918
355 728
50 949
729 931
58 908
268 966
167 209
209 682
348 759
296 732
476 951
273 631
574 719
3 651
184 283
201 862
230 590
556 632
638 891
563 799
696 832
117 906
351 678
462 940
26 236
194 855
540 819
114 486
490 538
118 821
332 674
256 374
274 282
166 888
452 920
317 969
636 787
339 875
465 815
801 844
403 995
699 943
166 537
58 704
27 176
54 877
603 860
134 310
199 237
158 652
3 970
127 991
354 757
330 574
131 521
418 924
469 478
644 868
7 278
386 700
806 929
440 666
751 884
121 800
302 453
279 657
758 775
648 884
464 978
458 985
229 461
910 939
50 130
57 935
408 635
214 444
236 916
232 800
384 987
641 921
189 553
650 964
298 663
128 200
628 659
89 113
240 375
290 380
315 505
265 700
302 496
218 479
711 732
72 370
96 292
65 285
197 716
602 860
366 802
988 995
454 813
405 436
169 829
48 335
100 836
139 600
432 596
680 709
432 495
104 943
170 724
581 921
238 535
133 604
122 337
503 951
576 740
757 908
909 956
92 745
45 56
4 236
298 829
37 324
141 730
620 806
201 663
727 901
88 212
425 506
334 457
262 928
189 197
20 458
464 497
204 906
792 861
690 910
90 947
172 367
89 339
104 978
57 892
6 980
270 864
405 956
673 686
219 223
227 591
681 724
237 407
269 630
30 893
311 472
192 678
633 645
369 623
261 738
681 744
241 303
608 999
259 281
37 478
264 504
186 421
340 829
323 775
98 805
216 409
408 630
275 440
161 394
132 250
283 423
16 876
586 836
15 846
117 404
676 974
98 668
361 512
279 287
377 684
252 445
75 138
12 930
406 702
92 304
538 867
588 766
174 883
251 602
72 372
49 655
324 398
499 910
37 778
549 721
507 994
325 645
337 421
475 928
96 372
634 780
239 368
122 753
707 894
267 373
29 779
177 316
705 815
94 439
945 989
167 452
335 492
109 449
181 729
277 584
101 716
264 340
84 369
815 979
76 540
246 856
914 921
385 978
81 177
26 72
166 239
830 853
83 279
265 962
9 899
110 894
158 615
700 803
527 970
31 956
510 629
432 812
543 549
762 976
726 835
244 354
74 184
98 510
412 815
775 824
311 669
287 927
180 442
59 979
10 412
15 274
179 991
58 886
81 821
159 862
216 656
82 404
752 854
567 592
266 719
392 578
31 741
273 505
473 836
237 684
52 198
189 511
231 570
75 664
289 743
399 824
228 857
609 833
82 778
176 348
849 920
278 590
135 303
776 863
548 971
169 365
229 600
183 358
151 785
848 894
24 74
645 931
252 478
686 892
69 608
386 458
341 665
48 645
264 800
124 773
139 164
116 293
4 368
651 871
141 851
568 765
410 875
127 851
240 744
165 201
165 552
506 659
59 217
151 369
277 675
493 839
139 768
307 488
495 959
359 988
124 810
38 556
408 886
126 165
152 683
317 327
235 338
175 804
679 750
173 425
19 956
617 724
510 924
212 357
235 923
345 398
47 902
436 933
662 953
411 814
91 636
223 483
658 781
27 531
201 689
645 957
572 926
434 721
202 285
438 791
208 488
188 607
390 976
52 892
304 929
218 918
53 747
141 528
169 712
60 401
369 722
399 646
295 472
80 497
223 758
287 966
475 711
102 926
803 818
85 506
77 474
3 221
130 496
102 194
17 514
739 948
347 883
530 737
817 819
379 929
40 667
248 752
174 494
206 298
64 992
383 819
493 738
392 624
234 494
604 818
118 360
243 695
433 817
125 637
505 602
918 995
166 524
18 99
305 340
668 685
403 721
215 856
248 493
80 191
95 361
455 684
379 480
51 297
164 176
286 767
33 205
557 762
723 861
416 928
518 948
453 591
309 704
197 806
557 997
277 652
313 711
108 191
159 693
840 857
127 687
624 721
684 738
407 630
558 951
469 823
276 859
61 563
219 585
495 760
390 569
280 499
607 703
396 471
118 663
158 606
582 790
231 826
321 861
234 272
409 772
94 983
507 686
546 623
658 726
295 470
48 970
752 927
750 929
400 500
106 414
556 558
41 789
383 714
2 617
126 338
378 432
109 416
7 939
18 40
510 666
313 714
241 832
466 762
319 991
162 757
720 777
314 818
697 861
215 532
666 871
44 342
655 803
461 595
811 853
477 613
278 715
191 548
10 871
215 310
472 681
458 972
286 544
405 629
161 335
1 972
384 666
40 398
211 470
633 987
64 952
110 131
582 653
454 679
15 341
21 696
813 993
507 709
136 632
114 319
297 439
34 321
71 105
74 575
282 413
208 346
365 670
477 947
324 509
691 753
774 850
16 388
120 247
104 725
192 383
32 423
96 631
66 736
167 492
449 664
224 905
147 622
247 977
571 922
27 486
614 688
354 802
274 704
601 782
730 984
153 974
17 957
250 435
45 769
61 928
185 219
638 718
160 885
434 695
533 808
574 615
630 777
378 889
412 971
363 738
125 732
47 727
167 445
447 496
67 506
144 985
138 145
29 833
189 931
392 719
612 645
8 741
249 275
40 119
221 834
130 698
178 566
86 425
273 623
481 885
693 870
626 831
7 367
16 298
87 197
161 691
51 732
360 902
21 300
400 873
208 530
126 923
60 700
35 212
450 974
19 517
143 320
40 850
218 502
338 699
306 381
212 390
114 432
85 750
150 488
310 696
33 234
445 822
387 934
260 481
837 998
157 279
481 493
549 995
700 888
47 358
259 269
54 748
374 499
491 862
1 801
386 910
387 732
322 832
119 665
308 934
214 663
156 818
47 367
503 747
255 550
105 877
162 206
283 888
57 774
102 410
12 927
667 797
744 981
216 989
275 646
524 661
342 489
537 817
320 710
317 636
94 223
385 546
300 829
273 709
375 955
119 235
739 916
483 902
243 249
51 895
518 576
360 556
270 725
332 897
398 885
2 973
548 979
358 631
730 983
685 692
710 812
272 449
80 174
284 330
417 688
577 936
134 616
648 886
211 545
571 609
573 782
114 934
473 644
97 203
790 979
689 889
161 602
490 682
127 688
12 105
590 815
393 431
41 76
639 669
240 938
73 601
165 535
187 639
180 284
159 842
74 83
28 201
43 597
285 711
75 170
337 742
17 488
93 120
790 881
172 733
382 686
245 900
221 784
401 539
68 733
495 561
114 817
523 766
157 586
403 680
145 662
17 679
138 985
125 219
210 280
391 662
896 988
117 562
453 772
840 871
187 784
356 687
563 898
122 407
149 525
87 163
22 105
8 195
595 672
579 875
882 970
130 889
804 958
599 730
257 470
796 922
606 610
152 856
173 274
264 674
151 351
174 838
33 456
51 534
113 705
278 939
168 435
69 393
20 972
475 581
397 491
449 730
359 882
306 884
509 570
559 660
273 397
186 730
72 782
133 839
537 764
778 972
199 932
256 717
192 219
62 189
919 942
301 512
154 170
186 663
92 97
365 675
214 846
447 628
286 933
467 824
597 697
148 629
796 866
15 237
58 778
352 430
294 698
654 852
192 464
556 867
289 542
135 921
369 756
115 395
302 934
351 571
531 719
327 332
569 585
694 996
347 476
348 397
354 770
234 601
468 898
142 539
64 363
26 471
141 785
439 866
75 437
606 790
122 509
94 285
43 332
442 742
791 808
140 579
497 741
165 396
308 562
925 935
724 962
748 861
103 967
300 531
442 756
265 489
127 916
712 959
154 459
619 701
193 945
443 550
287 716
191 849
126 376
100 126
440 874
896 961
193 613
427 950
55 268
215 971
395 927
206 282
82 335
379 826
529 728
174 816
365 444
172 665
272 284
369 585
180 563
550 959
513 605
80 228
928 975
8 562
182 442
360 898
173 427
88 348
243 885
65 260
57 261
682 755
124 546
78 619
39 170
390 552
127 970
408 985
945 993
479 970
220 787
191 960
280 647
242 660
78 517
574 854
339 609
237 608
86 228
125 668
58 750
30 877
15 380
637 677
360 608
157 499
348 828
459 828
472 980
422 497
277 902
241 424
32 238
324 831
499 612
714 802
832 909
289 592
199 229
559 966
123 189
58 370
824 869
156 198
620 693
595 654
78 249
189 488
20 462
164 427
318 519
141 428
85 150
69 701
35 667
612 856
511 670
226 687
776 892
585 843
397 497
533 998
722 927
486 742
3 742
521 613
321 662
393 824
100 462
525 767
138 849
360 975
160 202
399 404
243 330
79 990
92 875
78 372
597 916
466 691
919 987
593 656
1 49
101 417
294 863
220 712
196 784
425 945
176 750
80 349
419 691
160 864
590 918
236 867
506 702
426 558
214 689
42 371
615 788
144 830
364 434
219 895
672 912
516 662
217 848
268 743
255 261
179 484
720 845
47 351
422 957
129 463
500 524
139 505
1 640
75 322
217 718
630 646
162 889
89 645
388 731
709 992
193 995
172 840
571 913
543 687
25 528
52 150
8 877
518 544
9 866
727 945
435 943
676 710
105 355
188 765
95 475
90 181
668 705
282 582
177 276
156 269
202 772
209 432
105 780
141 950
247 323
221 758
190 931
434 647
551 638
187 733
26 368
175 695
73 457
629 701
250 986
189 858
22 419
154 621
876 923
199 648
522 869
64 309
95 152
63 790
250 646
673 875
50 619
44 720
349 859
98 845
308 599
386 974
359 727
480 603
128 634
154 156
349 463
572 853
635 910
556 643
238 870
209 581
272 301
131 253
650 703
329 602
11 67
90 928
408 427
45 413
199 889
590 922
14 494
444 924
439 482
481 720
62 310
929 934
534 716
66 366
238 747
320 601
166 248
692 945
9 737
250 359
281 289
303 840
127 284
228 609
61 76
386 681
475 610
191 320
497 738
87 910
582 837
4 688
732 831
192 949
308 470
442 759
634 941
69 414
271 994
30 347
407 712
85 883
674 757
171 426
336 848
610 685
651 919
41 102
383 991
205 646
440 651
316 945
74 731
14 345
44 77
44 485
108 129
720 783
146 887
306 735
835 917
106 772
568 814
303 560
157 206
160 509
825 998
72 105
471 908
770 986
166 516
823 976
296 543
535 759
41 66
228 622
335 746
255 334
246 912
69 558
419 804
230 802
245 335
227 505
349 807
675 843
515 666
163 651
561 763
50 603
24 829
183 516
771 870
683 771
116 329
105 921
335 749
346 723
22 302
181 203
47 651
167 208
713 860
330 627
381 975
156 230
757 765
528 672
443 635
564 752
124 669
25 225
356 748
378 571
51 127
54 912
120 174
221 887
332 904
307 866
285 448
394 463
135 214
849 923
839 930
407 601
508 626
632 864
556 727
130 594
683 858
184 857
758 979
96 663
662 963
299 323
411 786
625 693
274 616
556 827
455 780
315 963
407 596
486 531
478 504
187 968
152 336
396 667
492 910
331 572
654 807
571 871
565 792
418 548
375 533
341 975
156 938
656 915
188 886
401 742
666 721
354 929
677 873
22 136
522 705
60 329
284 711
252 503
201 801
734 922
176 897
427 684
84 187
426 599
352 624
168 642
73 450
299 996
127 370
435 649
75 847
138 331
131 583
332 642
384 564
67 913
494 813
352 949
901 930
130 906
253 299
548 679
749 897
228 330
117 619
47 878
561 964
96 185
144 827
428 881
743 847
146 908
95 694
613 976
743 996
602 883
394 783
281 495
32 611
652 724
80 954
44 51
236 515
11 140
416 921
511 892
120 390
166 420
385 486
495 834
128 730
436 875
69 513
370 898
32 446
112 902
400 953
157 267
189 649
279 605
523 922
395 469
889 914
752 913
408 626
106 938
138 375
4 981
352 796
254 829
156 798
293 551
109 450
298 818
449 452
256 726
725 973
121 239
35 966
343 592
281 795
50 286
8 32
642 805
736 896
534 986
52 279
161 437
82 256
811 886
419 705
30 612
86 496
462 621
316 473
406 620
809 950
310 906
548 841
467 577
453 796
463 848
85 901
361 519
157 173
214 405
369 592
89 597
455 570
280 903
662 887
837 901
471 807
499 664
708 967
241 504
420 704
705 857
66 605
114 728
133 239
184 681
278 855
625 662
848 880
87 943
844 894
276 717
3 776
63 381
622 743
515 920
625 679
284 373
43 101
635 751
432 587
794 819
710 796
456 910
399 676
571 998
274 595
640 951
22 50
14 793
286 644
309 675
34 263
307 312
63 487
74 942
113 495
557 868
261 677
289 467
76 465
24 212
92 853
142 327
341 875
288 871
597 980
243 547
859 983
470 902
196 922
769 897
117 661
326 922
145 794
212 223
424 611
247 703
574 629
197 504
267 485
376 599
275 434
417 843
97 486
408 888
137 294
529 955
207 254
49 230
352 794
272 315
570 871
200 370
568 797
416 704
53 432
16 488
59 211
545 905
145 660
305 954
282 834
262 537
41 492
746 938
562 638
61 208
432 433
408 582
0 465
350 405
249 366
245 309
503 929
590 854
512 648
283 896
158 698
172 740
2 110
640 838
672 899
201 457
609 683
391 683
426 741
441 676
108 686
389 985
189 191
190 331
228 703
473 754
386 645
494 741
107 684
131 733
583 934
267 588
331 896
302 322
72 95
350 532
335 782
323 922
253 879
513 934
338 481
220 688
335 534
313 442
46 218
154 573
333 513
229 773
427 844
269 551
523 902
657 801
589 723
332 820
198 329
107 162
536 795
224 734
47 682
252 666
94 592
427 758
457 531
8 654
311 911
186 923
165 724
195 755
527 800
481 927
34 725
614 643
182 378
216 838
777 856
223 468
227 800
2 258
10 110
264 421
539 922
87 607
615 802
194 415
122 682
248 759
244 508
690 725
563 974
258 751
727 772
572 975
306 977
182 416
798 988
262 838
337 797
349 953
544 600
634 720
18 969
393 526
119 213
187 569
34 827
158 290
265 906
212 731
265 595
629 935
416 819
197 753
546 616
58 568
442 779
554 812
100 948
313 691
419 612
805 852
142 439
698 964
47 760
355 910
664 891
80 290
487 710
679 834
385 892
180 599
23 154
123 992
35 454
788 873
647 992
30 87
487 994
137 247
47 393
58 954
244 291
138 353
83 324
32 820
569 984
352 592
138 345
68 592
380 856
28 817
847 849
336 467
604 842
235 935
3 889
294 645
485 784
0 920
32 460
29 92
16 445
506 974
42 790
450 522
267 898
99 902
115 721
309 787
677 722
681 896
542 963
327 800
327 678
138 720
712 813
80 520
258 494
400 939
389 536
274 786
529 657
124 886
25 250
280 433
100 681
63 313
575 992
216 253
320 936
384 744
101 616
711 816
110 755
463 998
90 145
154 784
22 619
221 278
48 63
148 501
744 814
320 563
779 807
479 925
68 669
215 521
31 285
585 747
48 139
284 745
138 882
109 438
68 904
304 683
131 184
452 875
351 368
510 547
473 499
341 567
142 556
441 780
26 587
726 879
426 625
362 917
152 507
26 763
220 709
68 351
246 872
227 597
240 774
459 740
599 800
94 659
100 356
295 874
105 478
374 905
88 730
589 822
200 241
461 705
773 910
165 508
392 645
238 457
518 916
118 978
716 989
212 424
90 438
568 719
445 543
473 626
534 647
127 567
272 848
110 588
45 753
43 618
75 497
281 368
259 991
59 838
248 402
483 690
192 554
611 735
0 436
713 886
84 281
13 932
601 905
42 951
12 707
346 556
87 627
430 924
114 238
489 838
516 972
708 881
492 526
796 878
861 928
364 764
129 142
296 400
690 731
703 790
49 702
141 346
28 623
266 571
60 737
456 606
337 384
314 911
462 829
110 141
258 324
474 818
123 387
218 470
165 921
220 260
322 959
350 361
933 934
23 616
425 993
378 629
762 944
641 944
134 758
82 406
232 392
780 901
355 471
250 873
393 863
67 93
174 454
108 418
386 739
85 483
113 811
815 926
409 456
167 870
628 942
335 602
503 860
467 568
69 326
71 441
886 932
139 458
340 557
432 918
402 943
107 517
332 515
33 924
140 255
82 443
45 883
743 769
236 900
227 311
104 306
298 590
437 990
49 683
319 346
115 642
632 721
588 749
134 964
104 512
308 389
538 624
308 353
367 606
31 544
202 833
135 483
126 793
194 921
619 809
276 513
235 261
362 908
224 823
496 688
237 680
218 348
53 861
229 526
423 659
492 612
747 977
770 976
225 249
316 386
830 868
482 662
417 922
592 844
146 693
632 826
930 980
144 397
34 275
45 725
337 698
538 676
436 866
14 798
687 752
649 767
66 169
366 689
10 836
411 995
14 693
327 411
713 837
562 687
737 759
251 649
40 765
515 564
54 334
383 806
21 32
543 573
98 615
261 460
451 672
455 817
365 783
229 555
496 916
255 469
653 721
419 904
761 771
167 335
457 718
325 831
251 750
200 374
866 987
317 660
468 659
376 486
603 715
99 931
631 753
637 707
474 963
408 587
87 743
106 544
431 813
375 915
101 682
115 548
88 127
99 217
595 704
198 828
111 419
403 650
709 864
338 392
24 800
111 277
383 895
8 60
735 815
497 975
90 189
398 629
569 615
517 729
671 909
67 443
20 717
846 885
590 778
575 803
742 853
266 637
274 588
49 403
24 362
253 551
3 466
35 180
261 970
552 642
170 620
85 543
283 689
428 820
355 873
615 623
208 241
149 604
516 653
230 904
29 509
495 781
313 512
483 530
435 927
125 449
407 562
448 992
772 845
70 620
128 595
37 688
641 837
705 837
646 742
675 935
251 716
116 170
52 381
76 839
598 758
638 750
399 483
19 875
3 553
615 942
452 691
583 881
157 581
444 975
226 256
512 778
342 893
182 293
202 374
369 960
7 324
62 723
842 937
743 747
292 710
336 689
162 624
217 671
192 205
115 813
627 770
465 943
478 872
74 758
204 480
386 528
487 801
252 682
90 347
383 429
57 471
571 719
95 288
242 653
709 832
466 954
688 762
419 560
240 530
444 987
10 725
849 972
526 576
617 883
665 923
352 980
136 423
551 583
63 145
236 895
55 206
849 894
621 817
57 807
146 503
853 865
177 871
66 750
754 950
29 719
71 615
10 103
561 846
686 909
59 923
265 804
5 978
147 512
319 978
481 556
409 817
346 688
413 938
44 790
509 715
74 682
84 932
778 785
471 997
56 687
746 843
76 322
201 834
179 223
505 779
13 322
359 540
362 831
124 153
191 875
14 949
873 947
10 385
383 725
482 765
580 791
113 608
9 809
232 299
156 989
2 364
256 478
193 713
190 439
315 698
381 712
264 607
11 650
617 737
385 451
176 502
32 462
393 642
272 941
613 625
98 341
928 967
32 950
389 473
171 222
56 956
236 321
563 599
323 532
60 336
190 984
236 368
5 878
629 761
172 738
594 622
432 561
734 902
376 945
123 168
180 899
476 487
391 853
87 528
775 923
259 588
176 318
323 627
55 740
579 952
479 546
201 263
103 459
404 997
472 831
731 924
4 752
570 857
143 657
419 737
677 785
30 103
10 854
426 909
730 750
581 840
41 628
196 439
193 496
195 328
120 666
411 670
224 981
720 880
969 991
491 776
521 647
501 879
531 657
634 762
602 739
567 719
764 995
158 491
309 353
819 975
582 825
50 998
230 564
122 907
199 613
683 846
134 914
18 699
461 923
4 662
415 923
381 410
687 891
254 997
73 596
324 422
656 674
572 824
904 946
104 479
514 911
45 302
2 428
351 415
419 815
365 583
98 695
345 382
599 989
585 731
25 408
33 359
82 535
605 987
436 833
443 744
97 302
730 790
451 557
267 433
329 798
24 202
547 896
237 758
147 490
174 524
534 898
332 557
69 162
255 319
114 950
252 999
141 212
334 663
699 767
28 282
484 917
165 404
162 384
402 883
576 652
407 902
462 964
235 884
478 906
139 428
21 138
32 233
366 632
248 331
485 531
711 754
115 367
751 919
277 673
930 986
393 601
184 416
357 419
187 300
326 791
699 967
281 999
284 913
532 717
554 596
307 415
308 783
422 579
52 886
604 873
334 558
518 618
974 976
290 626
515 968
417 483
50 667
834 951
904 964
835 912
251 458
119 220
386 994
50 272
46 655
380 497
116 213
187 251
444 541
813 959
509 582
176 794
981 984
300 479
314 885
213 695
785 917
166 303
217 779
178 928
425 872
85 910
161 893
337 624
702 789
297 563
443 723
91 707
424 922
8 661
221 237
506 709
6 875
137 162
90 92
315 316
226 867
401 761
377 739
98 794
166 747
357 889
543 801
949 967
723 957
312 981
530 690
819 888
333 917
10 25
693 775
326 642
80 271
10 755
206 809
156 976
305 866
166 667
168 742
149 475
55 357
191 226
108 245
559 623
334 470
149 316
328 939
436 581
301 390
458 642
366 947
324 936
148 343
316 454
85 282
140 817
360 639
237 718
277 820
291 860
528 963
440 644
21 467
80 768
74 411
130 226
21 902
418 521
224 597
189 683
6 506
175 498
718 894
539 735
523 595
830 839
475 622
483 942
915 995
62 758
641 989
10 240
658 895
493 884
73 235
176 741
432 703
150 591
326 949
41 473
273 871
664 748
147 845
42 840
62 105
51 951
98 191
413 993
202 649
437 486
14 723
155 530
70 122
19 657
699 800
74 844
508 922
174 768
7 217
69 960
263 674
472 772
238 807
9 117
239 604
798 962
680 970
40 469
154 479
60 955
178 904
381 452
555 765
572 772
124 533
150 194
18 148
274 955
392 608
316 848
114 348
670 810
147 632
301 711
111 123
608 641
341 379
93 144
666 897
373 917
463 551
524 699
150 481
90 655
542 971
242 938
100 438
913 937
732 976
590 843
99 199
478 836
540 930
789 975
244 596
147 515
391 707
188 198
205 541
436 630
529 568
678 967
669 943
256 753
846 919
370 949
45 785
201 938
176 715
79 663
420 594
162 479
713 985
19 879
650 918
315 447
345 570
239 766
22 641
345 912
294 869
266 283
431 484
499 556
12 988
162 432
582 677
263 920
282 390
151 308
818 932
108 503
163 874
94 156
249 791
69 470
85 352
736 869
188 645
200 368
633 882
567 984
247 911
301 839
529 990
462 962
422 808
317 324
648 763
480 897
555 901
367 992
253 456
441 861
453 581
86 641
464 977
5 727
224 845
381 754
187 343
348 568
117 237
672 765
0 504
15 555
382 758
11 548
190 409
643 805
798 991
81 807
87 776
0 534
267 932
106 471
26 962
79 819
263 843
264 845
700 860
171 458
594 719
137 469
481 626
780 824
214 777
553 983
301 869
585 905
12 137
56 99
390 876
179 654
376 719
419 918
89 588
534 877
161 699
642 671
677 804
454 818
18 801
7 671
265 670
256 807
312 629
19 907
438 540
260 673
814 943
31 402
385 909
898 936
637 892
710 764
92 134
451 511
533 805
61 716
341 697
600 725
266 717
38 742
204 526
38 909
775 958
246 818
130 673
206 565
322 768
212 275
138 456
613 663
671 732
12 26
752 781
498 964
18 354
593 896
558 631
157 516
406 976
431 763
321 458
578 996
623 644
452 790
761 806
66 784
92 890
671 797
113 196
522 566
115 468
26 814
98 972
543 856
300 658
639 758
635 979
337 623
479 610
371 428
285 846
155 527
290 304
199 487
721 770
53 238
188 220
264 638
159 192
492 846
169 485
149 602
472 939
82 124
552 771
56 805
312 750
41 584
135 969
528 739
208 933
748 977
153 593
345 738
105 584
189 274
69 792
775 893
83 252
854 975
132 156
263 907
199 444
765 948
334 476
504 894
761 833
642 915
380 779
236 612
154 316
510 737
298 638
381 630
890 957
398 588
89 203
305 885
253 754
81 507
334 843
328 693
110 472
74 708
24 708
228 570
113 526
560 743
260 802
200 700
141 201
506 755
378 509
29 112
193 949
635 889
388 582
498 963
23 406
114 925
153 399
36 512
32 597
255 644
307 399
196 600
448 951
459 826
460 571
208 761
449 764
396 505
31 359
3 437
382 928
781 903
434 939
293 818
888 900
288 462
207 658
7 240
609 699
185 421
270 745
387 534
194 930
577 892
247 641
14 375
528 917
314 508
153 209
97 132
53 594
385 612
604 978
565 971
508 677
300 986
254 520
39 800
283 802
378 795
392 530
170 410
662 678
223 724
208 831
236 320
58 154
758 848
36 171
65 323
661 679
285 365
533 756
86 687
39 464
482 922
208 652
222 332
330 409
445 513
118 617
124 749
176 949
212 882
120 206
152 629
219 347
437 753
103 875
143 440
339 923
65 900
749 927
258 474
158 920
123 128
38 873
252 566
486 822
130 295
44 759
264 447
106 236
369 562
112 161
705 803
122 436
55 364
530 871
382 974
97 802
192 862
466 970
145 758
240 952
792 997
591 999
458 613
334 827
20 939
77 495
95 932
150 199
296 422
270 680
482 804
666 719
26 42
484 784
187 437
331 376
376 786
751 922
186 749
85 558
41 580
136 635
186 512
160 286
319 608
765 782
153 502
180 783
268 544
83 316
57 693
414 843
336 421
594 607
437 679
478 517
152 611
476 966
253 690
636 650
572 771
77 415
199 625
169 257
819 926
604 876
370 619
40 71
17 58
495 999
48 516
326 659
20 292
135 710
124 545
360 469
128 895
872 899
156 327
41 498
82 997
53 374
367 797
93 425
92 814
272 862
598 960
873 980
9 891
42 788
403 485
610 732
509 531
210 604
665 997
100 708
434 994
153 713
231 599
45 490
43 114
4 259
132 713
336 956
379 493
744 978
354 782
62 665
215 666
875 881
15 935
333 361
369 838
74 952
437 916
833 997
31 256
96 837
173 388
52 234
552 796
503 627
703 718
293 578
661 951
636 865
22 586
449 475
264 538
365 535
97 748
143 286
844 884
460 896
118 364
45 682
403 548
106 309
618 955
37 570
616 902
558 638
33 841
379 439
157 298
267 395
410 905
102 682
494 646
116 998
210 395
799 965
