316 867
516 137
178 554
872 220
940 459
40 2
596 764
850 261
621 730
672 316
263 603
302 720
485 177
251 499
62 203
627 731
422 143
868 600
698 92
820 638
552 212
992 148
328 195
761 302
925 433
618 188
388 272
908 873
802 511
725 864
715 352
947 137
848 168
738 546
260 910
536 164
123 528
665 451
723 426
105 0
212 723
188 600
348 448
826 150
960 551
366 27
903 314
164 751
834 254
649 94
165 537
611 640
418 276
443 493
702 549
494 914
272 682
867 620
483 693
122 443
596 489
822 499
155 986
603 989
241 252
435 758
142 46
398 560
674 841
53 729
390 547
995 15
582 862
987 65
907 110
860 503
951 682
355 106
20 958
95 261
562 882
19 704
929 769
616 955
611 670
684 353
217 680
368 151
542 708
216 802
818 76
305 121
110 12
227 131
322 674
744 885
908 116
941 189
885 558
145 848
228 829
202 797
509 922
949 404
630 517
206 800
946 863
273 56
876 500
539 198
526 636
752 377
624 989
287 769
190 867
951 744
16 460
666 317
864 649
835 422
801 781
286 75
189 514
927 81
712 806
717 500
593 821
229 217
810 516
339 352
735 642
96 751
102 763
69 319
764 256
93 565
389 379
992 578
245 920
11 958
78 728
810 671
549 39
240 712
555 931
64 642
573 513
393 28
276 814
699 392
70 792
957 459
524 302
390 769
574 401
79 652
130 889
323 31
928 563
95 835
495 512
477 68
25 223
96 653
37 147
45 108
940 354
919 464
8 309
233 582
711 313
234 193
554 557
576 483
473 672
670 968
536 148
388 913
371 837
918 760
984 315
220 924
21 140
740 30
449 326
612 160
639 847
353 193
756 282
28 229
306 699
549 842
199 290
107 922
127 25
682 463
692 903
740 713
395 480
743 844
806 708
5 797
555 710
343 663
992 371
245 298
422 794
492 973
84 951
895 563
976 930
27 20
185 119
734 580
599 829
424 758
537 781
555 444
844 898
460 188
622 705
487 396
851 331
370 288
283 617
851 611
899 230
632 436
349 718
368 301
547 145
59 85
926 966
881 122
217 341
311 839
46 150
587 898
481 309
186 764
279 389
728 178
972 360
967 321
78 335
974 977
480 33
414 759
352 296
881 569
637 192
760 36
342 347
934 176
9 472
292 288
213 20
466 185
732 785
507 162
121 833
140 601
219 554
360 571
850 594
140 840
138 900
876 481
599 162
9 608
986 301
896 199
674 715
385 758
500 244
921 621
77 413
575 296
967 287
867 170
881 359
362 372
259 590
205 859
752 214
467 90
867 716
289 541
431 26
300 283
622 573
257 700
986 832
348 305
471 568
475 705
927 189
77 539
779 282
750 883
496 569
973 363
285 615
257 68
641 909
352 264
482 609
316 820
793 664
125 264
584 953
969 512
51 922
680 153
805 176
722 131
892 8
746 501
76 739
410 428
3 244
389 671
416 182
688 541
447 272
846 768
136 989
167 187
263 847
340 420
376 415
551 268
423 649
121 851
389 531
632 744
127 21
416 543
204 104
436 3
376 283
771 513
624 938
52 239
786 745
11 162
160 563
782 935
564 903
786 953
786 418
698 265
440 114
808 996
218 596
999 946
231 122
811 855
61 864
446 199
961 458
361 473
373 495
408 937
398 194
891 536
613 941
801 405
55 961
401 625
557 752
923 789
874 735
996 287
951 795
486 264
253 847
737 626
694 145
915 92
339 158
980 304
99 781
61 506
742 814
483 652
918 407
494 789
80 797
584 567
61 189
766 798
167 461
295 83
905 986
593 886
643 693
551 762
871 387
766 789
146 559
582 640
700 15
789 637
934 850
826 52
0 994
513 647
429 771
633 22
9 276
67 28
333 971
142 204
358 908
345 504
467 280
496 520
295 285
157 581
487 983
633 839
329 147
486 110
270 471
485 279
100 904
307 785
875 450
341 233
710 686
89 530
966 585
50 613
222 207
194 709
542 828
548 872
327 386
334 597
858 819
228 310
724 887
95 951
689 436
537 400
474 626
930 441
564 332
54 786
539 601
496 81
429 396
305 108
135 992
57 345
811 285
655 887
524 102
191 214
538 728
966 12
706 248
805 622
580 212
409 119
813 257
552 594
5 210
702 140
202 111
485 365
396 492
605 272
594 796
486 484
876 804
849 934
52 654
557 632
218 966
103 31
575 8
625 580
218 679
73 772
790 910
489 538
403 446
811 349
242 649
186 470
454 35
405 506
41 314
491 260
632 946
291 207
954 269
787 524
300 212
648 443
123 138
981 526
584 144
227 179
794 413
1 600
448 758
458 842
72 949
102 704
896 745
911 202
366 51
727 667
263 375
462 386
865 443
264 802
940 492
981 734
257 982
686 706
741 144
900 165
94 2
870 342
99 133
544 466
184 623
485 800
351 947
186 216
742 803
18 682
647 351
416 904
686 454
962 779
599 862
944 693
864 814
387 316
782 484
259 267
284 610
566 823
178 308
978 549
991 625
252 759
529 938
214 492
717 813
354 14
858 571
180 597
887 480
880 21
965 139
288 601
101 206
776 632
514 754
181 857
379 433
617 261
724 183
753 441
348 459
455 206
30 988
803 269
468 35
290 785
527 930
739 628
136 515
260 651
622 793
860 353
579 477
614 303
12 719
96 360
179 904
918 561
892 73
831 360
109 121
498 988
52 237
616 540
104 229
543 726
374 404
432 953
233 46
608 246
766 705
606 297
961 877
858 853
950 689
565 59
163 63
399 567
652 16
107 757
597 651
483 971
407 915
925 640
314 885
886 432
590 845
729 903
722 587
108 24
629 674
436 792
89 835
359 742
851 466
499 800
469 334
772 876
602 49
517 268
934 755
700 877
952 781
780 26
720 889
51 349
915 487
493 356
322 852
450 526
671 949
326 492
636 450
369 590
499 238
858 786
993 910
663 298
691 795
324 763
36 375
465 303
862 958
660 185
163 110
711 186
412 389
678 400
840 47
990 339
637 848
477 631
758 492
281 801
288 605
564 676
981 381
980 195
340 992
732 855
102 443
41 866
185 719
266 25
119 256
716 108
104 194
91 214
686 372
15 326
978 932
355 959
313 335
506 653
327 239
860 781
34 901
648 219
973 914
244 444
171 961
552 627
507 644
842 545
16 857
224 346
141 579
657 455
914 164
460 593
403 321
374 437
574 374
657 899
289 253
343 812
566 248
439 73
244 633
971 260
843 195
607 984
774 264
791 40
780 252
985 183
925 359
621 851
86 630
751 727
883 94
539 450
694 330
875 938
316 846
551 159
41 510
495 167
774 287
207 555
891 192
90 816
904 711
667 990
693 770
717 577
217 608
379 911
290 254
850 606
101 753
117 494
263 613
662 389
900 221
296 143
766 387
311 670
450 330
12 144
101 81
721 318
41 100
229 331
706 431
290 807
184 407
654 447
20 668
837 272
889 485
415 655
872 78
677 323
409 41
467 510
122 540
828 515
992 409
847 698
193 137
858 729
896 864
177 917
532 366
541 421
851 309
429 76
387 106
399 796
500 218
306 974
110 486
490 102
896 689
152 441
178 362
170 74
226 699
991 758
417 885
180 269
194 961
697 581
419 96
378 919
666 36
894 128
523 384
582 771
425 734
212 603
97 382
677 675
434 21
434 851
906 966
120 100
927 817
681 698
265 411
618 283
448 512
411 971
248 993
94 673
80 306
628 529
40 305
204 474
678 638
326 584
956 798
36 235
968 70
934 585
833 552
869 281
416 632
604 16
978 698
689 58
4 317
587 397
974 791
223 653
782 549
589 738
700 978
326 668
400 260
253 233
812 474
515 580
459 119
596 437
818 285
495 174
954 434
923 280
225 147
285 359
696 875
450 748
205 776
416 605
36 22
838 200
848 353
780 307
825 376
96 995
13 591
521 319
25 445
599 603
592 885
314 640
112 764
389 317
892 157
922 928
531 112
480 380
466 260
39 643
988 136
638 353
79 511
672 457
956 624
60 900
509 374
541 973
491 282
290 383
791 564
664 323
676 144
55 494
757 94
137 97
582 127
451 662
639 123
471 595
747 531
848 608
257 741
581 100
23 223
836 166
787 500
489 464
996 544
958 105
991 448
555 925
575 6
939 566
481 410
162 581
293 362
541 903
103 123
3 126
698 839
292 486
691 134
302 40
30 612
497 373
60 52
299 988
58 590
554 892
1 68
473 646
430 14
549 533
489 553
11 188
744 304
26 788
790 328
828 820
940 325
194 1
378 845
341 788
435 895
680 436
964 505
435 394
872 984
928 713
889 939
901 634
595 279
774 385
607 602
558 548
279 752
901 9
949 242
798 384
489 830
173 453
688 608
200 912
592 128
625 834
419 879
820 367
158 594
752 118
196 662
18 827
766 271
837 715
865 987
100 354
169 625
160 209
585 360
121 177
840 99
363 259
330 183
978 488
777 83
958 325
745 976
153 512
247 342
227 112
329 679
819 850
656 979
412 241
339 533
771 179
984 134
790 314
318 769
155 95
852 113
421 597
90 926
461 689
268 41
154 949
72 973
151 729
952 563
322 291
449 93
822 433
228 612
748 898
733 903
993 585
368 766
535 810
44 996
500 312
389 654
613 462
627 765
543 931
680 865
222 129
959 396
563 539
8 663
437 742
918 782
679 286
901 566
97 945
915 949
610 304
955 575
118 934
340 661
865 373
527 439
502 838
835 417
729 843
80 518
937 998
652 969
637 553
535 86
851 450
35 813
755 990
388 873
924 81
887 141
454 766
580 956
956 415
726 685
610 806
555 900
157 207
869 146
113 404
232 964
855 267
777 962
609 165
187 885
246 74
26 52
840 958
361 796
373 87
833 983
245 388
883 402
596 104
548 61
509 132
25 716
399 154
30 360
671 217
245 270
292 623
322 484
581 683
633 306
122 466
642 368
855 877
122 803
982 671
864 843
155 241
559 555
395 589
267 418
158 865
688 802
488 363
287 422
398 920
728 521
738 370
889 593
248 11
748 582
34 612
425 190
205 984
97 952
925 364
371 435
581 411
238 70
774 877
844 173
797 924
694 535
647 935
481 247
946 229
829 981
194 254
523 399
590 620
352 867
984 75
302 566
486 540
988 613
417 184
138 566
108 184
454 107
119 287
354 65
868 183
398 414
789 921
814 731
541 518
598 878
945 901
796 783
793 136
396 563
320 886
481 780
70 935
240 189
222 594
607 443
130 5
857 271
279 23
3 820
893 601
50 838
854 198
622 0
334 370
563 6
257 44
139 679
332 379
869 906
325 828
349 455
833 559
727 464
582 730
637 476
683 687
666 890
886 640
890 572
11 805
579 620
849 70
299 533
801 520
440 126
348 141
582 534
700 661
998 283
743 635
111 426
675 777
316 913
418 558
485 781
363 416
401 565
838 52
98 639
925 890
766 625
32 700
159 84
361 510
719 104
497 182
882 172
437 730
109 923
511 473
691 264
38 530
668 136
169 593
27 935
219 411
635 730
847 348
240 567
804 90
101 687
614 61
238 52
791 347
975 654
172 18
270 210
548 939
699 718
532 78
5 103
489 641
834 688
341 426
607 146
868 709
833 483
122 423
535 266
122 862
920 295
880 191
505 429
130 204
499 14
282 504
470 123
497 656
164 839
434 771
985 303
832 170
786 955
593 321
221 67
535 141
362 415
684 220
196 166
776 47
533 411
552 3
534 49
11 50
240 445
174 225
748 6
747 534
961 692
207 534
760 94
28 122
862 712
342 58
231 119
106 764
530 10
119 416
411 130
819 652
927 993
229 676
999 977
562 313
669 122
847 781
216 875
904 78
940 598
489 171
69 947
287 599
309 758
368 720
240 187
372 167
180 954
843 531
283 758
196 304
880 44
86 96
271 990
527 563
940 368
86 10
315 373
609 976
483 329
696 723
516 421
891 48
375 86
580 658
844 128
962 76
172 48
525 796
390 52
711 331
772 798
341 439
523 302
415 7
632 111
82 500
532 973
901 907
412 833
565 608
961 528
685 486
928 210
282 319
614 993
650 386
143 343
825 667
997 240
26 981
351 108
482 884
82 735
143 846
568 61
454 529
589 139
15 869
349 649
188 963
995 190
349 138
885 526
805 883
766 831
864 470
940 698
354 374
433 849
220 1
910 26
531 851
166 898
721 867
548 261
183 895
452 884
33 689
411 839
572 177
22 437
647 314
487 353
40 921
555 260
922 465
287 805
317 805
56 390
672 956
651 855
851 455
740 884
145 503
75 69
680 450
858 680
764 346
385 805
267 940
417 541
406 56
699 75
213 755
817 886
63 820
93 914
628 185
150 125
688 578
194 721
28 53
401 144
751 138
301 370
79 71
911 837
479 962
264 693
69 81
931 132
253 24
398 881
210 901
6 250
479 553
971 859
958 724
355 709
863 9
79 294
80 342
131 911
305 747
604 374
828 535
859 433
560 257
315 122
158 673
372 989
226 344
848 184
420 204
245 283
565 324
929 645
667 60
556 324
159 513
698 339
48 909
773 960
167 88
434 677
761 807
667 340
503 867
524 923
423 770
559 988
446 488
985 465
901 894
789 60
407 840
400 807
749 173
120 268
613 554
946 374
713 965
66 568
832 591
844 608
713 403
596 511
243 934
977 496
828 766
909 587
958 309
746 708
834 866
328 447
773 274
173 838
591 240
407 424
183 251
32 248
6 980
759 601
914 736
98 94
855 7
681 165
668 428
225 502
646 554
301 419
828 826
610 420
418 17
196 953
620 580
201 626
912 313
401 677
273 608
684 955
774 704
735 999
558 733
905 211
153 86
390 763
858 808
132 54
114 752
986 667
730 898
980 309
77 734
987 703
342 23
10 468
728 745
478 725
850 983
163 240
98 21
400 582
427 514
334 413
534 64
664 866
374 93
600 713
796 295
736 806
115 816
903 935
455 734
13 305
69 528
545 520
550 297
102 977
812 789
391 698
205 407
564 931
500 165
644 649
812 733
807 927
549 711
215 4
797 580
661 866
108 558
386 658
856 841
988 20
630 379
718 835
138 634
767 638
799 763
287 963
496 447
243 46
158 458
402 307
390 64
173 850
974 912
861 830
105 849
202 735
580 272
922 718
907 41
356 706
805 996
22 301
795 265
347 953
75 102
260 817
166 785
667 140
49 528
323 154
729 877
241 309
150 164
27 57
557 736
115 362
84 137
664 879
754 363
184 829
465 796
646 983
933 666
476 983
194 151
489 276
28 83
585 178
599 613
235 156
701 351
519 137
840 535
16 595
898 552
424 716
348 423
51 281
89 527
616 635
30 458
911 59
541 849
237 140
814 825
296 515
528 167
652 368
702 20
963 953
572 740
21 272
163 72
905 604
952 522
591 982
980 855
393 873
704 983
13 518
808 661
385 336
829 389
704 883
761 20
188 333
760 209
957 275
282 862
231 586
384 174
568 716
29 314
589 733
297 602
603 105
616 340
793 445
729 849
680 490
175 981
78 132
608 712
995 839
650 731
14 571
448 395
885 37
481 182
992 84
639 960
425 432
757 506
281 437
997 503
658 172
836 89
657 445
801 652
636 804
383 2
375 183
398 260
221 879
794 565
315 433
877 92
217 634
599 850
71 948
353 730
120 542
819 129
987 972
781 975
128 517
978 503
700 376
115 273
607 909
190 274
342 67
367 559
701 966
410 125
914 115
207 386
657 378
516 996
350 649
972 479
166 302
334 867
30 450
492 637
359 683
911 54
750 630
965 452
596 727
577 862
195 136
601 204
514 117
201 216
766 525
695 285
827 382
504 857
832 996
846 543
679 109
949 782
740 267
586 688
994 515
551 541
651 152
746 165
621 299
381 739
176 429
24 3
811 880
212 995
877 410
538 908
519 840
690 611
107 276
300 453
143 203
995 794
355 93
959 328
392 341
67 568
122 444
923 933
324 487
280 553
897 170
462 768
10 504
380 117
133 32
923 276
235 918
71 942
11 382
622 755
75 689
323 197
485 246
130 810
733 410
715 982
581 177
750 943
34 482
413 167
866 336
795 453
606 866
395 617
249 369
372 324
59 47
874 896
645 356
58 378
119 774
360 52
951 462
995 337
297 408
504 163
96 300
617 702
518 364
671 119
734 395
796 145
442 670
41 87
26 100
817 145
874 529
197 177
344 545
867 641
953 723
804 50
375 773
104 894
138 776
365 224
171 161
369 966
183 762
405 210
862 223
707 88
104 905
618 448
450 837
441 755
560 246
157 936
371 262
182 509
733 913
61 454
879 244
217 285
454 431
860 514
872 316
419 842
117 221
679 558
328 239
156 486
527 528
100 709
389 490
257 123
403 670
577 635
914 146
272 721
578 132
235 450
800 6
292 917
227 323
828 555
562 984
393 442
512 493
151 902
983 760
377 739
430 306
374 697
453 646
418 383
130 653
833 930
11 477
200 590
152 28
497 66
12 891
508 877
736 660
131 72
420 508
811 203
166 185
900 619
183 318
2 313
323 187
595 686
16 795
276 168
175 773
235 540
16 743
417 753
755 548
825 528
408 988
731 574
173 631
546 708
301 900
21 976
440 968
662 456
116 290
977 291
415 564
831 432
659 600
185 415
148 362
943 908
350 26
483 875
9 29
583 310
281 956
638 721
276 652
178 392
942 507
36 357
71 219
141 82
820 678
497 320
40 792
229 742
818 64
617 827
93 552
489 726
860 479
448 137
131 978
529 425
485 917
135 908
137 276
990 957
955 840
277 995
632 858
90 803
922 707
630 367
260 472
94 120
951 542
609 435
520 491
860 357
408 995
265 545
624 607
854 579
447 484
926 432
342 16
235 265
76 217
632 688
41 726
160 993
620 770
428 492
261 640
849 669
988 466
567 612
74 421
543 873
905 821
657 600
190 244
865 266
462 849
306 855
928 466
848 548
236 628
41 497
621 242
519 961
709 86
573 783
507 468
8 765
641 666
717 831
910 582
449 724
783 755
932 711
574 780
612 810
761 5
660 734
247 179
695 956
265 620
91 124
440 100
241 81
118 958
265 380
892 714
457 28
822 389
739 396
521 703
558 634
708 218
368 956
397 415
912 14
35 356
139 475
808 732
909 926
43 174
658 935
240 467
963 414
856 55
162 730
758 721
716 819
291 437
775 41
852 39
55 240
395 546
67 203
279 976
481 322
502 492
609 743
959 925
157 168
980 320
250 90
393 966
909 684
403 36
725 256
76 133
848 823
31 915
27 662
244 860
336 746
352 946
841 664
223 999
832 555
671 82
645 416
48 907
100 804
943 178
412 371
663 260
195 694
527 574
357 123
786 693
870 139
991 63
155 214
414 987
769 437
421 767
853 821
674 306
625 969
836 37
341 499
649 888
193 529
814 902
652 600
948 874
91 939
938 246
154 352
233 923
142 6
42 995
828 716
301 805
686 137
843 379
988 844
619 534
373 433
436 26
33 384
252 477
676 190
723 830
895 309
105 37
315 148
32 495
216 686
301 254
175 496
633 164
340 604
698 66
37 486
92 423
223 344
252 899
887 975
81 134
636 186
171 304
686 555
799 255
593 452
509 769
948 495
933 641
99 983
707 489
821 151
912 44
495 164
943 734
491 376
868 128
915 391
432 601
947 583
856 540
36 718
661 984
213 946
625 312
929 684
801 751
835 65
147 683
581 443
417 73
819 286
553 734
677 337
688 976
920 896
869 956
614 530
293 827
477 270
492 758
955 293
861 790
711 9
473 292
804 243
717 623
881 270
710 910
607 750
887 528
998 108
836 613
638 481
792 467
752 284
226 59
930 87
201 641
448 675
285 252
270 3
228 151
273 290
61 233
392 948
761 390
56 949
3 47
431 148
514 535
784 92
594 714
180 795
707 980
822 993
585 92
996 165
243 621
455 657
854 847
605 967
237 14
917 593
413 700
93 927
235 877
20 181
592 552
976 651
532 151
644 469
243 992
634 839
614 89
496 468
288 453
436 878
819 353
823 232
405 916
160 640
793 532
821 737
436 149
741 320
300 385
790 896
378 424
735 992
866 231
812 506
36 248
384 856
953 559
88 358
475 600
350 621
132 523
710 568
673 451
889 973
837 31
869 567
455 956
911 673
539 723
180 576
324 916
432 277
476 520
636 303
121 338
924 253
862 635
174 535
86 415
860 275
446 82
194 253
38 105
927 578
181 459
154 505
375 938
782 851
458 770
155 579
109 431
185 971
66 711
858 505
126 718
132 924
152 327
529 543
784 456
473 317
267 979
174 643
917 309
494 375
79 1
307 540
433 492
863 851
203 721
708 681
792 841
957 296
520 486
839 656
295 312
326 562
291 500
205 208
809 52
936 241
405 243
133 838
735 997
42 290
70 750
323 214
943 280
863 815
118 702
472 413
367 150
328 10
650 533
571 812
937 507
53 343
102 186
533 837
535 927
479 958
678 154
172 973
786 35
789 904
90 613
670 809
763 998
171 765
883 742
577 821
601 630
516 703
169 49
892 56
977 371
14 7
877 539
332 663
926 473
568 16
86 238
177 201
588 349
967 471
91 896
292 45
879 808
748 400
210 641
456 539
364 471
546 242
10 230
905 288
704 825
305 142
415 834
344 3
535 663
475 627
911 119
24 790
280 772
190 490
413 999
29 130
470 927
372 832
157 629
120 213
455 777
356 870
964 52
874 499
67 701
478 978
820 502
769 100
275 311
942 40
310 971
170 132
250 894
316 760
524 789
973 979
918 329
201 882
733 427
382 800
128 860
779 301
715 900
753 342
563 696
382 226
19 905
710 622
151 27
382 675
168 707
6 86
37 208
969 770
923 468
915 702
769 630
602 874
972 517
743 294
964 454
916 115
481 298
143 1
5 501
87 394
61 408
517 49
111 440
517 27
494 638
9 448
512 334
965 435
41 709
729 357
163 997
824 996
647 967
997 4
821 436
399 882
845 268
931 956
60 800
335 906
438 345
354 303
31 319
738 72
380 819
781 895
168 605
891 815
925 240
819 98
677 570
980 522
838 264
830 250
64 166
156 855
863 862
158 894
534 248
318 914
419 451
810 587
56 53
402 333
294 221
431 323
144 764
845 982
28 27
585 444
545 93
651 408
956 809
654 490
409 324
756 828
775 566
767 184
620 169
869 266
743 301
589 887
417 786
221 445
813 158
241 359
252 893
119 560
702 126
402 464
450 510
644 578
77 412
762 49
933 631
315 676
284 904
915 701
42 489
498 855
647 740
566 251
633 38
163 687
164 917
151 966
428 148
544 857
560 658
906 493
290 573
522 926
829 437
628 871
278 478
78 926
218 997
529 203
35 693
891 551
962 394
517 390
542 414
247 454
72 505
948 714
78 822
993 907
259 973
130 890
451 209
816 670
206 697
873 593
390 116
144 353
863 13
95 757
779 695
212 204
200 512
918 631
334 263
890 945
236 21
835 688
582 3
358 140
701 583
733 443
52 229
148 915
594 244
24 374
291 236
578 843
100 848
474 786
464 717
732 700
90 919
388 24
923 98
164 976
682 249
419 734
830 568
1 424
164 25
150 807
614 80
650 714
281 477
501 745
546 585
445 636
504 186
660 779
284 176
755 966
425 527
52 607
447 53
31 963
431 534
770 45
614 772
111 247
249 612
992 795
549 790
783 54
976 443
185 260
971 293
579 748
820 631
355 267
37 739
230 468
273 352
513 239
124 624
487 726
589 831
521 490
621 657
896 949
100 82
210 424
375 141
172 547
772 528
814 809
267 396
629 540
100 142
131 224
119 970
950 60
802 824
550 775
481 447
77 933
881 287
357 256
780 530
803 552
410 969
714 677
717 343
569 817
838 700
393 309
671 696
721 825
520 271
952 353
70 29
638 951
668 348
559 448
230 714
353 640
35 67
317 752
762 238
569 952
290 315
613 313
11 334
138 883
958 91
236 380
472 226
684 141
574 595
941 804
310 294
444 345
713 113
98 828
351 19
132 994
334 746
307 697
432 446
580 390
889 168
123 713
395 807
854 321
402 796
126 64
442 922
410 156
388 860
984 91
231 116
85 566
214 393
263 647
191 196
389 432
364 512
145 111
319 352
433 74
148 911
138 942
185 900
98 573
760 434
17 992
903 102
910 469
847 525
116 38
721 506
470 86
370 968
549 690
320 982
116 820
245 254
762 431
155 213
4 267
999 373
259 902
476 521
724 323
47 840
714 768
698 536
206 69
504 756
111 824
90 227
644 336
833 759
119 340
972 475
608 323
849 219
578 325
741 302
0 788
142 66
908 193
603 467
262 107
575 373
284 665
952 280
353 785
391 472
126 363
948 86
39 797
305 617
474 46
919 826
186 413
893 95
606 496
562 868
955 137
593 239
154 545
872 860
683 263
332 161
979 632
247 18
781 552
635 255
951 554
82 137
319 975
584 926
823 146
146 778
635 740
370 142
637 242
2 320
857 334
481 836
319 80
854 100
633 489
356 936
395 790
73 715
117 10
993 292
156 139
70 144
879 792
286 517
34 288
189 892
974 671
80 293
103 935
394 736
776 102
24 524
244 450
239 713
460 584
5 968
723 427
112 603
220 750
472 254
38 13
498 365
684 579
658 140
866 404
876 994
858 253
518 454
703 109
167 163
693 172
483 417
600 596
372 172
346 196
778 737
209 277
102 246
208 112
386 426
869 614
420 727
867 939
534 570
400 701
85 94
226 569
863 178
517 587
350 215
783 128
952 992
757 406
590 317
519 976
743 740
591 516
467 810
807 1
733 207
55 818
653 633
739 516
811 608
103 513
824 238
641 128
231 751
535 821
68 406
146 741
680 965
903 839
319 636
46 374
807 52
359 898
568 170
507 24
35 331
614 28
811 845
779 698
19 200
104 521
364 602
614 396
920 517
235 239
154 633
965 961
685 324
859 606
846 718
982 881
401 596
909 213
794 41
911 165
241 368
686 605
322 300
353 242
817 940
833 323
573 798
636 611
474 848
569 672
566 903
553 968
499 815
533 645
856 796
810 449
164 496
54 839
148 759
81 318
699 915
641 624
65 278
235 892
478 156
564 44
59 470
364 911
285 897
556 493
46 719
942 210
567 348
49 716
459 483
34 158
750 27
134 815
657 722
707 135
878 624
180 290
94 896
201 731
146 757
576 192
476 518
754 44
218 156
112 677
639 146
187 389
525 321
556 183
43 616
318 274
240 850
564 686
747 765
417 245
874 993
437 351
863 543
747 433
699 859
110 690
357 649
431 882
322 988
417 366
956 736
640 548
586 556
234 685
321 3
282 195
996 71
898 211
615 997
644 666
208 106
357 917
755 788
152 77
128 569
795 84
657 787
632 244
343 218
281 16
221 564
564 569
635 814
780 602
812 424
269 372
530 626
642 637
766 794
67 895
715 214
331 373
2 316
969 697
534 250
66 756
166 630
325 154
444 458
756 608
882 377
333 765
355 975
754 122
121 173
369 836
388 700
209 742
16 530
791 903
781 857
659 299
839 336
805 636
146 914
596 29
291 929
146 647
256 252
121 377
426 490
566 166
542 775
260 559
306 51
462 439
261 473
90 100
161 896
88 308
810 685
689 453
966 187
452 223
791 573
952 217
415 518
735 958
646 995
869 952
399 683
743 660
508 185
112 21
81 201
681 243
238 722
697 204
909 501
779 701
75 732
270 842
250 358
152 248
353 373
552 104
408 295
764 916
833 229
938 914
782 971
510 20
694 207
576 603
60 708
656 487
440 279
330 42
637 834
291 342
208 843
447 616
491 563
885 324
792 175
590 926
146 100
298 840
659 875
796 720
583 804
207 375
435 889
769 424
724 60
767 284
256 566
900 99
481 137
775 626
312 365
552 459
818 851
651 477
78 799
549 661
604 757
388 39
998 157
816 722
570 583
6 178
501 259
277 334
748 52
960 61
769 513
872 587
716 523
65 794
323 966
807 279
723 195
670 722
704 486
796 626
421 155
804 922
766 433
257 514
837 569
575 607
434 799
194 150
323 611
296 998
578 103
277 653
650 947
727 707
786 876
333 207
31 138
130 797
923 739
663 761
660 239
368 95
38 914
245 713
878 542
63 808
997 340
461 0
640 541
707 426
417 392
985 448
882 115
597 806
206 260
567 867
851 287
962 242
553 559
307 431
453 371
239 803
63 53
803 703
594 862
481 11
254 467
811 489
934 760
295 493
20 214
712 224
853 26
818 406
585 125
838 391
496 429
194 560
834 349
615 428
211 449
791 817
268 954
306 202
714 953
47 87
519 111
663 372
137 481
779 75
606 969
466 103
750 12
15 585
361 630
365 924
79 157
741 347
463 400
902 530
353 301
617 873
413 632
597 550
113 376
977 71
697 795
174 448
807 541
33 168
172 750
444 603
259 186
303 723
938 557
253 643
858 222
868 271
206 466
174 319
390 892
947 917
340 106
458 725
627 982
827 71
586 87
609 241
810 547
798 415
543 656
989 411
280 195
877 806
514 72
309 256
316 608
525 8
715 984
85 694
966 912
765 904
999 727
145 161
626 943
576 169
952 565
581 232
112 810
390 626
234 699
235 550
308 760
558 375
96 643
69 63
908 186
967 907
913 113
69 540
408 645
709 360
563 642
944 675
805 334
654 39
386 241
590 694
1 500
421 98
496 842
513 404
28 480
311 942
945 732
834 706
730 895
66 293
538 363
320 343
697 974
734 83
567 676
129 569
177 902
19 25
744 532
429 773
364 92
67 662
825 901
368 907
796 786
200 686
149 872
381 199
199 116
282 766
792 764
335 321
666 706
346 763
238 127
536 955
220 955
617 397
856 985
304 4
123 856
43 273
728 424
472 927
540 106
694 685
222 381
6 241
88 353
4 678
480 892
633 52
847 250
449 55
587 105
59 711
961 102
336 42
879 160
321 419
618 367
104 841
749 463
82 189
816 86
867 648
978 501
701 177
103 502
232 43
608 643
106 921
98 442
963 977
954 285
748 572
652 205
765 753
668 847
942 484
933 162
484 263
15 185
440 118
688 672
513 648
668 619
569 766
413 885
743 367
170 843
292 174
48 57
928 716
905 222
552 190
736 37
806 751
574 246
222 614
271 735
262 939
355 832
57 768
69 800
488 239
643 780
765 44
837 45
620 665
285 356
702 91
460 628
689 682
243 312
769 857
251 476
41 660
597 110
460 85
701 456
217 467
500 406
512 612
501 132
277 138
841 331
581 301
312 270
983 555
583 104
764 186
581 806
847 530
916 659
967 618
467 184
85 319
590 949
932 443
434 561
581 275
245 162
576 557
785 911
464 720
15 228
258 948
