114 475
408 696
750 305
417 829
508 22
148 85
406 521
514 814
213 528
665 789
345 774
242 174
7 89
763 828
333 291
700 448
766 460
496 868
766 913
697 274
935 198
712 341
719 226
507 932
106 172
73 451
947 668
977 954
109 740
134 795
31 187
243 149
647 91
18 413
4 67
40 291
265 752
984 337
330 491
621 436
664 695
240 963
715 217
269 176
958 755
971 341
942 566
491 942
657 861
707 661
280 99
304 898
851 288
235 533
780 208
322 796
903 562
111 970
131 732
147 89
487 118
783 782
37 626
76 694
839 783
708 119
883 12
369 86
301 956
972 433
165 294
229 420
208 692
391 339
424 890
781 911
360 564
45 397
190 121
444 381
905 152
500 140
164 222
578 817
530 550
250 695
844 831
468 52
875 211
392 299
101 525
563 813
89 608
563 631
730 7
12 987
159 864
479 675
86 57
493 969
960 95
664 804
279 484
209 154
695 953
454 148
478 17
962 919
977 877
550 59
884 562
46 395
778 877
70 217
287 915
186 247
11 202
403 642
687 612
796 382
917 602
883 747
971 197
666 949
74 216
360 958
130 759
353 909
636 775
478 923
691 664
170 702
866 574
696 905
538 492
640 456
447 523
203 770
720 222
719 794
438 432
104 921
191 809
182 827
584 660
751 275
324 273
329 542
199 25
448 738
870 88
546 669
611 101
439 683
323 511
829 114
943 285
35 134
94 569
961 30
229 64
658 905
690 987
799 889
365 247
627 587
687 173
256 650
275 47
685 598
558 514
712 501
799 99
635 245
20 949
276 601
13 934
506 703
273 658
945 990
257 572
929 945
98 537
947 373
585 633
323 143
499 388
997 299
839 984
896 860
933 172
461 299
458 320
354 84
330 299
426 587
872 356
884 322
893 832
47 830
817 370
974 316
110 323
967 302
307 864
514 241
388 975
892 847
647 246
283 977
546 709
565 770
65 801
444 311
985 491
141 802
213 467
471 324
978 98
654 492
339 43
467 583
242 467
829 525
444 727
234 361
849 652
515 293
963 500
784 104
655 998
572 478
674 362
268 652
812 923
144 503
318 963
86 912
782 916
789 579
995 375
292 845
27 807
138 342
660 275
447 315
273 371
145 299
85 413
951 898
688 447
401 358
762 488
270 545
756 411
124 751
787 416
948 814
576 87
157 236
714 956
903 987
679 48
638 764
461 941
662 150
388 416
860 502
256 131
399 12
894 875
115 681
644 64
848 220
503 357
456 217
665 359
556 344
759 194
108 220
135 123
722 875
891 583
729 147
66 129
511 960
4 626
994 648
42 842
220 545
551 676
762 216
387 318
560 498
512 20
719 999
495 793
874 738
728 604
237 146
85 748
459 89
727 453
90 769
647 310
315 198
339 429
766 78
748 678
577 612
698 648
964 546
793 190
284 522
794 522
20 231
622 479
673 349
284 763
471 931
425 786
481 116
567 247
547 667
925 124
280 976
124 244
874 269
434 510
791 581
384 812
164 7
643 837
708 928
952 179
859 378
317 693
846 885
292 393
552 218
869 184
546 993
780 772
263 567
282 406
500 667
570 664
26 214
502 734
142 806
266 353
184 583
46 31
820 339
424 373
909 646
909 807
639 690
579 254
609 861
661 109
880 583
773 906
797 627
993 291
434 259
645 970
842 43
353 15
734 130
388 643
776 649
802 767
339 381
22 948
595 35
409 475
618 535
382 768
162 375
59 948
986 56
271 180
100 624
195 834
106 935
830 882
585 632
2 924
366 24
225 961
411 634
436 381
169 170
149 684
897 561
984 883
969 255
64 421
232 259
608 338
547 438
573 132
422 575
408 788
951 633
749 714
620 538
95 141
708 597
177 958
510 514
841 479
121 257
901 353
869 509
44 416
299 969
548 721
896 956
510 847
942 611
561 914
149 8
407 210
605 937
168 115
451 361
595 572
619 848
278 488
357 322
256 656
291 804
729 539
112 591
386 406
203 299
320 704
307 80
266 265
17 786
380 468
148 327
392 119
175 670
959 884
992 215
540 635
371 622
526 483
213 912
890 768
563 562
473 223
642 91
488 11
878 220
479 378
900 224
497 75
894 456
960 239
23 852
226 394
474 753
229 40
17 471
808 581
34 633
156 28
725 996
40 955
568 871
333 468
95 830
544 990
638 856
581 661
60 807
407 887
560 636
927 578
108 87
511 494
721 19
522 446
367 562
753 935
786 86
404 881
268 300
223 258
508 804
271 920
612 678
807 524
666 86
454 774
174 317
620 247
336 143
45 703
57 798
639 195
236 395
77 504
695 300
114 555
105 385
475 69
415 635
593 81
721 48
208 247
365 828
494 54
323 539
109 733
337 748
928 925
495 5
429 542
658 543
97 115
280 573
184 695
208 129
777 281
529 985
529 895
165 375
301 489
267 410
574 956
511 502
882 6
860 663
549 870
559 646
985 839
571 521
535 779
650 664
413 180
1 294
427 166
669 728
7 288
490 581
245 1
436 127
8 648
790 909
518 349
555 503
541 127
24 76
258 26
92 23
558 93
317 985
611 339
65 619
627 556
552 872
909 988
351 917
636 142
826 154
843 734
9 384
213 385
812 823
764 904
847 322
997 164
660 961
503 725
580 483
633 132
707 895
473 59
812 461
553 991
968 396
77 329
781 290
715 945
113 479
850 312
801 199
477 813
160 332
891 92
167 524
577 875
419 50
934 584
863 487
927 831
235 4
161 368
646 228
314 111
59 164
424 212
715 253
26 876
585 917
968 105
793 545
980 213
947 914
149 811
753 76
994 988
432 507
357 78
87 671
541 146
187 965
359 902
218 385
130 156
654 451
261 447
996 593
12 296
859 161
459 612
589 453
952 373
313 309
803 400
332 345
547 871
662 906
126 881
643 256
389 297
707 2
96 56
595 109
352 454
622 811
66 564
616 370
937 929
32 741
682 364
438 229
588 100
487 714
333 482
970 722
131 30
724 227
86 319
336 790
125 311
953 543
875 569
914 812
851 946
905 533
662 343
114 250
796 601
964 129
83 287
852 566
317 928
793 755
600 482
545 725
793 498
269 668
419 183
832 622
129 738
155 791
433 269
394 229
222 358
359 657
997 563
223 314
491 17
421 91
499 966
169 644
816 438
312 588
973 144
210 454
234 718
245 668
339 991
897 562
350 608
219 347
171 795
14 663
812 435
106 663
754 275
659 922
65 971
510 38
467 73
492 54
791 90
722 130
81 971
44 783
580 616
483 751
411 849
766 575
636 225
590 390
500 249
313 918
572 175
956 391
248 801
445 39
243 167
522 676
139 566
812 719
534 295
822 945
144 589
520 780
814 462
523 666
711 188
936 283
363 245
675 612
46 472
3 641
640 877
317 131
796 129
202 330
776 24
276 272
965 148
405 131
611 928
150 322
468 86
958 831
331 985
795 729
457 151
722 449
28 40
932 824
521 134
155 650
511 783
922 828
931 327
960 894
607 462
569 75
548 527
259 232
864 54
313 673
205 36
475 586
428 407
410 301
542 917
951 405
700 874
233 632
553 193
526 161
7 95
588 908
974 847
140 190
902 805
864 459
841 339
45 621
98 808
923 992
725 874
397 426
100 631
410 654
176 288
167 184
736 755
92 710
603 584
901 857
389 117
316 583
808 714
556 258
522 479
251 599
706 648
25 806
279 787
460 808
76 979
992 812
735 84
874 690
20 127
547 761
596 215
344 404
929 253
663 803
732 266
755 438
914 780
245 546
920 57
354 996
37 346
160 124
782 34
814 154
514 361
915 110
928 612
867 858
865 530
13 949
796 768
388 62
901 985
608 821
394 314
169 783
12 681
907 146
67 73
300 581
786 568
692 715
180 559
573 397
441 938
346 589
707 86
3 960
423 964
133 170
278 302
953 643
335 213
789 402
286 442
336 73
10 380
788 542
291 713
291 84
651 989
673 710
428 28
22 851
992 155
21 623
457 327
266 144
540 407
547 178
201 235
251 211
615 391
105 906
456 748
990 460
90 15
170 518
43 545
369 388
700 743
11 510
70 629
654 610
36 553
788 238
788 392
801 755
135 259
661 592
359 3
52 449
370 574
967 414
119 337
802 820
432 165
330 502
794 336
464 182
890 604
420 30
348 574
786 484
833 799
76 192
803 480
642 173
406 961
939 878
650 93
50 82
258 732
584 404
68 400
587 310
5 359
341 705
933 127
189 118
926 617
663 81
97 657
607 856
618 546
734 269
640 784
703 250
516 640
7 584
40 594
247 397
305 588
103 591
67 292
709 345
262 724
427 359
381 34
567 352
932 301
621 924
437 324
527 953
964 534
890 357
480 137
754 785
77 209
376 144
854 438
489 116
162 268
827 896
654 395
248 587
48 221
511 486
897 38
791 214
924 33
923 404
522 29
542 599
239 270
95 93
60 937
209 575
471 860
431 71
447 832
644 310
318 893
701 461
107 625
847 382
382 369
412 276
321 651
546 768
96 959
705 305
534 911
693 5
123 477
428 570
309 424
232 979
317 933
440 777
911 287
159 645
9 571
921 682
574 819
450 670
778 156
975 312
67 21
669 542
498 449
112 807
873 696
786 191
630 578
968 893
218 127
538 227
51 459
909 625
278 711
648 409
867 975
721 286
996 743
828 494
192 292
653 66
989 791
257 971
370 577
864 940
56 402
519 107
213 780
85 843
491 85
252 359
60 326
997 57
69 826
903 261
118 557
679 459
348 936
430 70
865 294
362 922
48 881
381 261
661 818
457 153
903 709
864 964
387 861
373 456
39 276
70 158
185 749
617 886
38 400
956 903
694 319
177 743
200 559
356 214
377 813
719 281
875 583
597 262
796 970
71 836
246 493
346 784
242 315
670 632
715 626
888 410
297 65
505 850
624 861
64 2
27 135
635 254
718 232
868 514
202 939
702 800
432 48
584 27
364 254
11 79
233 899
841 882
965 346
732 941
560 148
295 939
283 930
193 353
514 61
220 68
1 922
869 785
971 805
164 335
412 176
766 645
427 608
527 744
954 612
686 866
760 981
805 396
264 998
749 778
60 969
199 413
892 420
550 215
225 67
550 637
595 668
634 22
276 514
767 583
478 805
449 238
786 255
986 402
605 736
533 665
57 732
430 301
152 333
516 729
400 418
367 995
87 353
369 363
219 488
946 697
293 396
288 432
3 274
834 608
10 719
626 420
451 56
721 603
741 238
333 141
656 52
488 743
757 210
459 329
698 405
26 344
153 314
776 156
941 962
765 303
682 743
723 485
151 445
441 893
35 774
386 691
178 227
787 287
437 246
616 487
3 995
183 157
661 311
313 602
274 430
906 308
173 981
793 325
778 234
570 813
360 956
857 890
183 644
530 972
242 498
812 245
493 995
754 155
307 68
109 933
850 15
241 376
349 386
53 127
973 623
941 685
931 798
928 115
794 458
439 36
956 603
633 450
599 388
957 258
808 66
191 10
434 784
386 783
522 439
910 847
414 203
533 346
1 461
813 147
271 252
183 227
856 169
29 807
909 338
65 717
757 608
79 191
744 818
326 266
257 588
114 24
792 999
370 145
812 183
293 83
787 828
662 995
997 44
154 258
734 219
327 491
179 407
682 923
225 360
542 834
949 8
858 741
7 228
886 819
763 179
254 903
360 268
898 357
312 405
616 47
976 295
538 156
702 573
431 927
933 973
114 234
981 972
975 340
553 214
511 668
745 765
571 105
34 822
815 698
227 783
745 203
78 636
711 781
561 143
60 846
468 174
81 450
499 56
142 52
622 654
720 368
419 644
825 805
818 640
504 397
423 601
952 854
237 664
635 150
159 47
997 627
222 78
429 721
486 572
125 109
226 197
829 997
193 654
803 11
295 659
408 70
260 361
924 850
377 911
0 536
959 997
515 533
75 945
606 914
517 83
23 95
280 852
444 474
858 599
837 505
258 598
576 519
311 852
369 688
764 369
576 75
367 91
960 794
36 566
708 905
649 83
352 281
287 797
107 146
396 945
651 655
895 579
526 206
432 895
246 548
616 822
623 335
913 583
130 302
501 190
207 502
626 912
783 913
709 891
411 457
188 415
464 435
994 990
641 778
885 887
326 502
709 301
837 974
236 319
276 737
862 484
239 488
396 375
753 457
266 165
266 806
932 731
241 926
721 234
705 959
473 383
813 182
685 2
508 921
322 785
659 536
621 250
24 369
625 129
178 243
646 444
401 578
175 994
505 249
228 562
208 701
945 21
235 982
23 744
904 697
881 915
233 854
517 609
223 143
739 401
738 737
197 140
316 373
134 173
622 715
87 830
416 384
203 4
367 226
100 623
276 981
890 509
835 407
119 410
902 210
811 641
947 8
133 615
733 267
788 707
982 227
537 751
612 92
755 979
671 855
602 947
836 492
456 23
251 927
433 154
489 596
795 789
956 280
404 690
547 545
397 882
124 287
633 736
731 388
715 402
595 669
349 783
513 806
806 765
85 591
919 927
187 66
716 495
346 472
537 245
369 287
127 494
926 112
230 657
500 298
60 447
319 761
230 833
567 388
598 5
979 869
932 518
287 0
14 633
472 903
230 194
190 358
688 116
470 270
126 323
920 538
770 240
299 353
73 867
741 23
224 73
892 508
591 179
508 957
164 332
213 394
526 403
104 214
872 927
837 998
250 757
536 372
997 835
725 422
54 819
445 630
892 689
138 835
220 998
145 384
331 358
131 857
113 235
424 985
162 261
335 764
370 223
137 720
411 214
142 817
385 940
800 629
629 938
465 850
937 962
586 620
320 717
477 433
305 253
771 819
866 458
584 237
682 73
957 445
639 451
262 25
391 62
6 373
353 471
223 642
785 161
262 105
231 91
891 536
697 662
707 563
472 291
800 154
716 109
599 356
561 214
733 304
628 739
677 981
563 252
623 348
414 237
806 645
681 697
533 378
711 240
941 183
884 94
690 952
203 641
660 116
855 393
773 484
485 450
817 48
703 441
748 469
30 554
466 711
603 999
89 666
591 383
202 827
477 892
780 32
885 440
501 741
186 274
577 671
724 394
71 779
187 171
248 570
726 714
281 681
65 723
348 9
106 550
836 583
794 968
615 679
761 468
772 947
742 349
970 819
96 393
598 635
564 199
205 642
913 839
324 331
562 24
340 20
574 528
603 720
849 570
399 610
39 172
909 133
873 231
952 321
976 551
957 540
750 514
535 15
353 859
698 267
883 390
287 809
919 242
529 120
165 280
82 556
804 343
689 678
574 642
999 550
193 308
442 295
823 977
662 528
188 713
796 71
103 83
232 374
326 113
494 491
394 576
47 198
919 88
228 845
730 580
747 275
888 190
922 63
519 585
592 708
298 388
131 753
823 364
128 501
477 974
344 223
903 743
774 174
832 354
20 562
934 119
838 175
309 112
590 181
697 182
889 347
922 20
453 746
736 581
247 566
907 592
789 810
335 915
985 519
270 357
476 272
731 138
384 322
319 434
856 560
133 779
580 586
877 317
519 476
235 427
420 24
237 108
292 574
627 562
931 61
118 760
333 202
898 70
876 569
504 732
129 637
863 709
576 92
378 95
569 613
874 989
990 464
449 634
38 77
196 970
138 666
82 824
220 980
894 96
549 398
181 678
387 396
739 315
489 118
411 58
83 637
399 425
101 849
59 140
278 607
462 768
626 544
592 846
876 486
295 425
236 828
455 624
224 194
939 65
664 702
475 748
692 875
173 793
76 585
285 706
192 747
474 818
643 67
665 519
905 312
296 142
140 751
766 716
298 57
782 962
112 257
710 804
484 236
949 560
821 235
618 365
982 93
184 978
512 849
497 417
513 794
911 653
897 677
369 195
87 151
158 551
761 220
707 245
808 656
158 981
891 776
347 226
221 531
204 85
732 701
503 245
847 414
250 97
444 971
292 883
475 802
434 236
375 493
481 183
149 991
517 41
768 864
267 989
747 471
427 831
524 930
428 724
696 678
821 492
1 465
727 476
620 513
64 995
6 898
530 156
889 47
197 657
263 816
999 362
639 426
193 163
708 621
239 756
651 412
249 653
878 328
481 850
842 546
845 848
4 685
775 553
695 390
369 694
753 8
472 946
524 532
568 763
288 571
176 889
224 406
570 706
256 412
604 453
260 48
180 265
85 307
818 780
698 540
474 451
548 298
749 424
182 669
188 823
241 716
64 465
122 634
523 730
46 127
183 307
527 715
924 613
23 94
393 721
634 220
524 535
870 273
959 53
943 499
876 184
215 940
1 689
575 525
771 621
652 306
280 532
22 204
145 45
651 890
118 285
110 642
172 981
267 132
386 562
983 262
746 551
554 100
240 129
625 364
103 629
670 735
161 44
292 658
89 943
549 559
580 11
553 753
344 821
237 730
383 220
344 482
771 899
582 364
380 559
728 835
540 750
571 702
795 215
712 236
158 613
796 738
625 701
843 969
522 80
52 258
301 396
92 424
295 26
788 676
585 868
863 125
619 434
179 766
1 244
2 159
857 150
250 482
852 93
804 726
174 856
984 827
252 428
251 900
454 392
928 391
612 791
869 231
578 400
997 579
644 352
91 502
502 341
336 354
434 140
81 960
348 417
787 601
846 39
853 652
783 781
396 395
924 265
979 502
665 328
434 662
680 525
164 183
218 852
889 652
993 970
613 341
740 752
294 586
143 499
590 926
280 986
322 557
603 653
411 621
981 845
283 662
722 799
197 940
651 86
945 996
409 910
338 149
662 984
87 806
484 29
732 116
16 406
673 971
59 85
592 393
282 875
407 357
26 604
297 678
42 594
674 803
504 364
952 519
701 391
325 185
421 409
653 789
168 679
760 579
116 353
972 398
580 731
107 607
335 757
637 730
351 663
885 208
28 190
727 729
581 404
266 354
165 919
143 333
950 904
913 66
609 237
817 541
969 924
500 656
681 137
738 33
801 624
593 181
814 320
262 747
76 528
102 241
799 245
927 750
501 192
168 110
429 985
652 750
910 504
759 943
642 497
328 795
473 921
328 287
593 590
387 669
470 489
911 269
86 838
371 588
30 540
50 811
877 54
914 139
559 673
83 553
522 411
700 996
333 28
635 926
618 22
948 440
863 859
709 950
49 433
538 431
325 588
594 202
995 508
694 554
181 777
107 704
188 807
700 873
187 687
800 157
710 748
597 573
959 658
523 360
91 413
791 768
354 385
971 349
246 665
255 427
794 362
483 982
521 535
208 60
223 8
217 285
108 814
858 419
472 734
779 916
499 922
684 853
659 655
554 905
672 809
685 818
523 168
153 396
56 361
456 279
721 673
564 181
839 774
600 312
860 731
228 360
653 912
565 664
920 472
922 944
281 607
763 805
127 268
553 183
629 10
814 350
35 730
531 875
857 483
539 69
214 119
781 219
31 347
883 303
171 805
600 452
764 715
609 244
983 163
779 612
525 594
314 560
676 197
787 885
680 678
955 894
797 736
465 181
435 348
484 606
506 436
411 622
151 20
866 134
535 646
98 60
592 764
973 268
961 112
154 641
791 461
887 588
549 352
769 985
53 606
943 911
42 354
533 194
727 400
680 614
46 131
675 638
895 0
258 857
464 764
498 607
225 738
196 127
90 317
112 495
275 407
406 318
114 940
864 841
692 896
455 738
27 482
728 923
834 986
132 651
103 982
258 328
720 806
455 163
124 919
658 399
679 417
69 793
709 285
986 401
182 793
139 561
276 219
484 462
205 968
113 308
951 372
989 23
530 796
186 654
68 197
406 747
966 827
540 675
113 878
76 647
671 567
208 299
786 45
762 343
13 227
4 964
951 345
988 482
141 526
488 209
723 246
308 689
74 848
716 539
726 792
186 750
711 746
49 497
791 163
193 805
743 197
121 694
542 109
528 35
988 369
245 63
615 553
105 41
754 821
932 832
966 470
582 677
217 984
175 8
499 720
813 242
917 287
289 811
396 817
846 736
538 91
997 905
547 103
726 832
935 44
302 870
722 519
206 249
528 705
969 693
948 886
980 237
697 729
406 895
465 945
339 617
451 336
522 350
791 601
182 78
645 485
300 719
356 506
968 884
564 937
578 512
175 910
101 224
639 859
120 457
156 459
74 959
147 949
662 938
550 844
16 547
681 317
267 38
175 235
274 739
525 204
603 52
115 56
277 106
916 749
915 424
560 990
736 59
939 398
997 841
594 365
740 628
34 7
666 562
595 292
301 472
497 905
524 964
313 153
422 581
254 338
6 814
328 742
225 619
492 222
812 86
940 904
714 326
912 732
888 859
377 542
683 874
799 559
190 112
65 612
950 700
486 630
794 711
601 638
286 413
724 578
318 791
904 582
875 145
793 252
687 828
478 486
387 668
598 804
633 292
124 583
344 962
214 490
25 167
128 311
933 205
241 251
348 146
185 575
291 330
180 330
510 658
816 897
679 414
702 312
59 178
247 755
140 813
598 517
981 78
829 914
635 70
517 983
568 54
559 211
736 91
541 246
749 357
495 780
124 197
444 535
727 44
290 219
857 240
737 190
319 918
104 954
340 621
290 909
27 201
472 763
292 14
9 393
371 505
526 847
54 970
382 134
366 25
353 224
617 442
414 936
360 871
243 53
844 885
962 872
86 434
635 730
800 997
123 524
854 649
371 908
972 106
394 338
483 100
914 100
542 681
389 255
552 632
308 396
869 622
268 955
408 256
685 209
605 160
733 459
810 456
719 134
562 114
472 45
214 387
146 108
68 887
363 972
519 671
368 740
645 989
47 54
597 84
263 202
244 348
13 406
804 732
540 719
198 13
764 412
752 262
873 172
149 236
144 20
260 864
112 905
853 159
959 450
243 574
4 488
922 17
246 79
750 787
798 948
800 914
713 904
177 586
76 678
174 572
51 434
436 163
692 290
323 651
92 918
578 97
758 500
466 5
579 568
792 377
869 944
644 582
200 821
520 276
851 46
848 254
481 636
418 525
926 93
528 371
363 106
820 122
607 286
127 538
207 271
268 76
567 912
10 767
85 882
395 288
928 595
543 761
231 313
286 510
406 815
881 769
921 53
243 880
339 370
771 898
993 39
974 560
303 984
679 388
866 74
28 795
669 571
556 901
884 843
763 642
10 644
764 931
697 7
164 388
730 935
287 723
326 613
636 981
598 315
721 816
390 749
611 411
321 520
664 557
715 427
200 725
8 472
971 172
213 701
459 500
777 137
465 413
118 63
80 839
880 822
589 843
234 262
715 898
819 430
678 19
507 101
335 516
574 307
40 139
360 852
991 137
989 456
902 460
520 335
299 752
157 240
947 391
502 663
642 674
445 672
693 953
125 381
821 51
688 213
190 400
65 181
890 407
638 144
867 510
479 518
614 637
759 561
380 613
576 374
287 22
398 333
327 524
714 500
575 754
713 766
154 131
299 396
538 937
541 757
799 20
627 413
9 386
327 742
352 255
468 991
629 867
324 956
391 390
456 966
144 522
84 651
653 384
47 543
673 940
300 473
313 927
238 322
666 565
416 370
173 885
361 802
752 686
111 495
76 919
813 573
441 898
224 446
634 623
989 307
564 289
132 877
569 371
551 587
288 968
957 813
205 318
616 309
356 79
804 785
998 617
358 792
867 934
238 853
557 228
513 121
869 645
350 438
368 902
377 9
222 334
822 779
5 790
88 361
869 244
498 220
213 856
12 81
790 250
286 700
830 799
821 700
445 524
490 165
778 868
174 0
554 997
131 559
787 571
273 9
815 771
229 28
980 241
461 122
843 748
822 26
899 996
78 344
520 568
510 298
788 36
650 695
33 133
606 173
704 231
182 519
355 763
899 687
4 713
809 199
813 984
225 712
980 303
409 852
224 271
502 364
307 504
411 693
637 18
866 693
601 400
212 956
163 463
643 519
528 805
718 341
789 296
54 121
951 815
325 175
86 827
892 393
683 303
86 320
673 304
13 275
704 577
231 219
392 227
90 921
32 809
614 821
457 668
942 408
483 267
584 569
446 828
315 129
131 401
801 157
58 166
432 762
95 15
334 487
242 424
760 274
585 375
95 42
395 389
451 231
8 387
152 454
567 467
935 698
221 88
855 279
254 639
393 701
655 727
189 897
504 301
172 441
676 267
484 72
9 287
303 17
26 455
824 593
275 759
643 496
848 851
775 454
490 168
156 145
248 697
395 752
998 567
193 27
186 29
99 195
668 754
213 46
561 37
991 836
148 635
332 348
838 107
155 328
628 311
826 876
360 221
980 710
140 525
737 326
555 188
522 575
942 87
622 856
124 965
692 272
600 377
973 438
836 128
119 464
791 297
692 151
870 672
213 10
198 951
336 105
491 210
680 786
297 654
642 773
620 334
398 572
711 371
363 548
499 834
364 290
131 57
793 353
729 6
363 279
957 51
384 801
262 417
587 911
71 229
685 43
915 83
968 627
454 331
165 243
595 648
300 388
1 382
394 716
661 704
767 398
505 381
815 92
293 238
673 978
634 588
61 602
567 867
933 446
172 450
690 767
450 342
155 803
724 549
519 738
605 638
136 462
20 951
554 313
541 227
643 175
168 56
777 735
923 62
182 95
864 872
862 666
566 369
469 291
270 340
381 876
331 517
338 351
820 245
16 361
824 11
889 992
67 666
80 990
81 262
437 945
486 651
612 52
20 433
695 290
126 76
518 457
945 857
160 765
454 176
479 278
187 368
623 606
34 703
948 467
317 385
413 803
36 377
207 56
162 903
698 288
331 217
97 277
426 257
394 232
785 873
862 324
593 485
930 980
540 878
447 857
263 212
12 651
589 572
59 104
827 758
392 158
327 842
787 105
99 182
337 885
407 199
561 1
685 492
981 577
722 428
787 338
641 799
989 582
371 49
686 198
159 431
709 838
273 496
943 372
30 280
609 438
479 171
439 516
15 772
446 737
200 233
75 841
32 65
776 756
466 462
306 977
893 15
815 166
864 110
891 894
390 500
332 221
23 123
90 38
895 536
776 448
121 203
641 505
268 417
261 86
880 920
63 125
935 230
644 151
340 535
46 82
387 730
304 411
206 746
801 101
634 929
901 755
133 543
260 753
960 874
840 192
794 903
318 81
486 962
233 826
849 631
909 236
361 565
999 919
311 153
373 945
82 274
52 215
817 312
969 778
186 161
970 980
416 640
62 902
954 647
729 803
278 638
392 991
555 743
911 866
896 284
163 331
558 215
546 376
879 867
506 66
28 828
398 445
469 812
347 775
459 428
931 89
418 323
433 973
418 344
191 315
980 354
646 890
921 544
266 801
764 124
219 792
953 969
589 774
782 289
901 593
717 832
35 488
507 468
461 926
812 653
593 144
359 591
34 281
487 653
434 251
777 5
396 82
974 337
856 108
626 758
702 696
942 737
184 450
557 997
376 369
2 321
865 362
912 899
995 399
552 781
651 330
786 399
764 112
736 973
221 363
83 275
411 25
364 947
475 921
944 203
642 947
876 507
661 788
406 656
540 959
437 543
641 575
942 757
687 678
730 908
393 813
183 156
191 547
103 666
820 400
222 462
699 98
969 360
239 376
16 779
687 805
322 680
380 616
437 419
646 168
328 392
333 863
548 524
763 4
543 583
404 117
46 455
215 367
815 454
743 183
585 782
340 259
814 72
875 252
491 522
772 819
914 457
35 814
982 150
818 877
733 574
994 131
29 209
499 196
16 594
379 953
729 71
213 543
143 88
147 635
806 876
377 841
691 711
991 861
588 77
436 582
208 817
143 59
14 511
6 745
465 735
817 678
630 960
118 778
947 81
697 754
309 426
595 352
489 587
214 429
16 2
11 576
819 507
988 185
370 994
931 835
81 100
865 711
412 984
841 360
65 891
114 726
669 709
79 159
648 293
588 16
647 952
593 466
811 581
652 181
575 935
17 8
387 234
71 799
218 913
159 635
156 625
362 825
335 441
984 335
86 925
352 733
229 297
551 40
878 555
221 805
490 590
165 229
825 236
29 43
501 540
31 657
166 393
835 853
186 819
188 272
96 892
5 325
189 908
365 419
464 939
224 306
529 389
536 706
978 565
750 831
105 133
841 623
526 676
476 712
847 17
336 944
909 693
269 451
601 987
222 65
926 799
372 807
540 908
514 518
825 616
702 930
749 543
906 275
219 382
339 66
399 27
362 661
720 984
464 321
323 686
739 249
485 111
408 26
371 274
896 196
890 598
478 639
493 384
266 712
767 957
131 518
984 845
179 704
829 643
378 152
330 117
753 167
580 514
193 951
788 442
499 679
392 977
670 886
714 289
950 481
246 433
999 583
279 531
639 460
174 17
613 856
486 718
24 66
232 569
369 21
11 868
700 756
198 370
994 912
659 296
745 258
730 96
841 361
627 480
821 802
850 434
658 336
505 34
403 737
604 124
758 967
993 810
75 191
533 69
455 544
366 200
802 448
296 995
809 276
476 630
78 678
417 88
14 922
475 769
659 79
894 770
398 239
580 474
430 113
543 885
658 261
437 812
709 733
160 518
9 636
501 439
666 918
880 680
840 355
450 851
786 696
621 184
935 202
658 717
667 554
954 677
815 391
842 877
476 2
747 838
990 248
629 656
166 509
336 358
216 138
210 354
186 831
539 473
385 549
190 405
455 496
434 623
887 276
500 716
278 247
554 620
496 183
276 14
45 965
373 261
455 583
616 642
766 507
115 504
408 658
909 216
154 343
839 394
972 691
110 250
938 664
871 786
199 499
153 244
464 526
506 920
461 474
914 579
333 381
435 93
39 344
309 546
40 148
940 364
839 402
614 130
66 837
268 617
689 773
862 153
651 720
425 112
546 339
44 879
721 479
972 112
176 634
658 568
782 950
932 974
352 898
456 770
88 76
388 777
850 250
282 501
970 708
966 516
399 362
747 120
841 71
585 369
705 243
937 840
546 869
166 898
120 974
669 208
50 57
985 252
307 267
106 629
327 424
497 727
786 244
199 979
315 784
701 373
380 638
213 926
860 379
824 980
705 845
540 755
902 525
360 561
144 818
190 472
242 39
199 380
283 750
359 951
535 412
324 267
51 889
193 263
620 369
595 325
567 135
432 469
12 792
383 508
962 925
980 204
965 531
584 248
282 296
199 169
708 875
788 111
764 333
726 736
54 673
61 621
808 494
91 172
638 474
681 601
399 13
157 716
897 94
742 516
700 802
744 840
266 508
173 992
597 227
18 658
849 178
504 292
351 495
118 384
448 869
397 605
586 646
51 551
177 145
419 229
948 163
69 566
24 242
910 621
822 928
279 671
107 136
963 458
631 81
194 79
950 943
36 536
590 440
439 767
585 211
997 533
374 418
99 750
13 362
371 835
290 3
506 397
139 821
207 122
254 401
553 556
345 589
93 935
29 884
54 967
95 403
500 822
822 952
572 187
314 944
22 956
299 880
354 438
701 561
912 307
963 465
863 660
406 308
947 788
193 1
755 640
757 607
462 931
911 35
118 577
979 140
534 278
372 888
68 73
801 332
149 595
776 555
904 723
343 97
77 450
737 834
58 552
117 969
587 235
547 918
727 81
548 99
321 968
524 122
300 256
239 449
203 367
4 107
91 700
556 520
150 646
706 560
198 823
530 785
410 77
55 489
510 603
588 831
571 464
305 871
72 544
672 275
264 28
383 707
728 291
227 231
937 285
791 487
460 673
272 870
750 327
359 612
282 299
795 853
763 101
76 835
997 748
462 261
777 845
968 857
489 547
440 426
832 584
914 644
257 538
514 360
218 225
972 500
876 768
706 639
221 782
826 218
883 641
832 12
486 152
221 327
700 662
754 884
246 20
529 503
558 395
863 128
973 188
629 849
308 687
841 529
469 19
99 352
660 931
716 499
84 938
826 136
600 580
372 198
600 253
53 511
649 269
639 974
457 620
823 765
307 16
646 129
36 745
481 696
29 550
547 465
488 374
601 88
306 325
286 259
579 691
770 580
960 761
554 417
734 729
534 41
98 180
170 134
278 4
182 307
554 730
124 42
456 725
482 762
50 120
21 629
811 143
561 772
257 115
541 991
197 76
384 295
608 555
781 238
911 963
897 817
45 21
859 501
98 693
616 149
813 989
130 976
133 44
748 742
159 642
733 708
70 117
3 678
24 136
269 935
100 166
752 497
540 963
351 638
8 967
139 173
956 622
150 441
666 250
183 177
892 268
886 962
738 241
993 762
378 614
50 830
780 154
327 672
470 678
311 478
997 450
424 154
747 90
404 283
268 649
903 506
963 641
99 956
756 829
570 806
659 703
960 339
375 782
369 38
261 719
489 265
25 265
419 124
356 175
407 976
824 311
482 788
304 933
96 60
763 19
866 774
722 179
465 449
961 835
488 574
554 329
839 931
594 258
55 302
434 463
278 610
126 112
398 430
46 847
843 161
866 709
935 940
240 753
741 202
588 581
128 494
910 968
777 857
578 832
511 364
647 790
975 773
254 725
556 652
572 399
165 438
460 101
730 701
854 472
255 794
53 383
640 316
703 417
525 282
249 36
646 249
178 621
22 433
699 930
437 271
681 603
62 494
56 792
195 262
264 802
408 670
537 48
986 241
817 511
523 418
899 521
667 78
143 42
863 194
972 300
465 6
903 527
500 311
672 47
573 288
201 981
958 738
381 296
979 198
807 854
617 707
376 284
137 871
326 0
65 651
300 882
657 556
762 509
867 434
908 441
722 109
422 33
847 804
329 179
354 489
385 971
196 761
256 333
984 934
333 49
585 985
932 594
541 694
455 409
480 363
202 554
472 976
587 672
780 917
203 135
406 588
458 954
702 66
639 686
1 324
88 938
661 20
533 203
66 340
964 898
704 166
452 528
142 40
552 275
309 107
762 67
696 220
373 398
287 364
436 640
688 524
578 349
896 463
904 314
804 868
212 860
386 17
740 529
409 293
156 718
400 918
137 448
490 510
198 777
226 635
769 914
511 348
615 408
163 872
74 967
92 287
179 479
656 920
360 65
213 516
783 965
434 272
766 276
134 964
406 360
951 175
626 463
523 241
223 687
465 297
6 558
936 186
37 592
106 397
657 671
265 792
636 51
416 402
327 550
719 733
910 670
909 536
485 784
130 708
823 595
358 830
505 294
16 542
239 474
291 248
145 556
393 133
607 809
888 287
360 959
20 622
629 929
511 467
714 993
175 537
940 885
719 446
532 87
988 771
561 632
371 58
540 764
544 148
574 784
435 286
743 807
260 724
737 771
191 803
116 719
692 57
956 764
855 488
851 843
611 765
827 983
823 368
747 719
868 673
503 655
311 598
462 572
323 551
695 866
354 812
585 399
221 542
163 76
382 366
271 994
131 99
977 307
819 76
26 687
102 530
342 413
128 804
337 803
356 33
670 62
197 607
461 418
501 976
494 884
343 117
230 826
568 559
133 387
987 160
74 89
42 416
855 522
573 192
326 929
577 348
343 774
955 157
544 809
133 390
693 828
508 275
655 76
834 788
464 821
300 538
263 342
307 118
865 880
662 543
161 240
891 504
366 198
661 911
7 147
301 52
327 161
327 334
590 161
123 54
335 423
944 950
118 603
68 983
835 82
526 996
674 769
853 41
967 866
304 975
365 957
27 693
471 355
27 61
868 502
115 555
278 411
505 396
15 925
731 850
360 257
199 34
378 52
427 345
270 83
320 636
393 348
681 864
55 708
925 275
563 392
183 841
803 40
589 170
318 320
373 678
929 572
64 307
976 492
652 246
927 325
234 320
25 915
184 80
976 461
707 539
853 242
732 9
283 321
531 601
993 904
279 274
828 343
933 804
187 585
403 467
262 637
905 324
719 881
785 427
772 991
21 504
352 304
177 883
257 522
788 888
796 968
584 729
773 771
666 528
238 929
165 378
216 70
702 936
303 839
715 75
182 736
579 534
393 108
770 2
630 910
891 778
878 475
507 651
598 174
179 189
455 697
567 671
119 621
959 423
812 26
498 995
115 430
881 508
538 651
510 521
561 753
299 792
228 159
443 179
