230 2
63 929
819 759
927 123
70 438
556 19
934 488
710 646
734 707
547 170
938 859
518 229
908 324
854 248
677 79
358 260
433 421
189 252
532 469
727 955
907 284
974 841
124 36
840 858
743 739
28 681
950 899
910 211
575 116
811 253
547 169
513 981
942 54
585 827
523 313
949 108
976 73
144 816
284 887
907 312
921 858
563 831
69 139
300 880
744 847
401 609
828 695
663 766
874 539
79 8
321 28
116 649
453 612
817 737
852 725
402 773
935 965
956 356
456 256
236 200
456 989
809 284
36 825
50 911
364 481
919 37
861 388
39 315
352 856
404 204
933 806
329 868
124 638
224 580
246 812
781 702
801 942
339 190
119 741
453 835
223 724
225 436
112 264
103 817
120 508
373 54
314 55
274 438
693 499
19 939
311 152
994 465
446 333
655 566
426 460
753 1
184 978
438 649
242 541
466 715
49 839
121 716
246 395
154 939
894 525
231 558
29 577
23 828
910 30
746 688
490 499
690 674
830 128
323 72
21 141
139 71
333 260
139 579
8 293
871 254
171 454
812 552
31 187
732 293
569 478
981 411
330 671
438 160
151 113
584 173
255 76
244 940
336 383
519 696
28 390
951 551
844 115
456 875
655 188
520 224
19 502
988 349
173 426
509 325
891 445
850 146
521 446
438 210
181 958
906 561
700 209
113 545
325 921
772 980
109 645
556 128
147 544
829 672
322 338
349 214
136 199
712 657
645 151
867 826
461 126
388 161
335 853
58 12
774 183
992 235
828 901
716 327
797 545
999 120
236 701
334 372
252 398
29 898
901 897
76 362
375 816
524 710
21 582
723 147
117 67
383 945
968 451
272 766
996 624
238 232
325 924
604 577
322 986
827 224
883 256
586 610
424 462
320 446
45 43
593 514
463 328
460 431
779 84
549 128
708 787
360 385
711 317
315 34
303 494
610 538
750 548
148 175
11 820
973 408
864 918
922 327
247 382
110 378
467 660
858 527
447 571
913 511
888 580
897 543
74 507
433 825
55 581
352 66
401 325
474 617
595 397
296 194
131 407
925 950
419 783
478 218
354 743
729 594
323 626
137 749
485 570
574 541
503 278
607 257
955 434
874 551
183 523
745 314
282 670
265 701
454 95
271 160
190 353
755 865
979 892
614 465
815 541
358 318
819 317
927 775
751 802
678 286
677 775
601 959
446 218
12 252
665 635
412 855
988 519
720 320
764 334
137 579
875 495
249 47
812 177
822 916
331 852
554 8
627 155
319 425
725 331
677 390
966 442
245 307
313 965
627 77
652 764
8 527
259 258
926 423
787 100
691 118
952 246
478 580
753 797
5 479
480 35
221 798
829 467
457 142
784 84
220 436
848 228
316 459
838 594
235 625
695 926
95 647
524 573
579 630
722 937
109 554
324 682
705 153
149 162
295 286
247 867
74 447
448 742
907 286
337 494
912 32
420 359
31 297
285 611
927 7
900 388
914 224
70 971
377 220
133 24
858 732
244 932
180 692
675 439
978 364
933 242
748 705
602 779
2 887
742 929
246 642
317 512
866 740
483 595
312 617
972 170
349 216
102 881
908 129
672 886
845 605
129 593
663 83
373 665
970 115
947 568
110 616
81 976
708 564
924 20
533 248
190 235
464 645
116 372
126 141
610 972
98 91
917 761
174 290
779 496
758 78
417 868
46 498
196 755
414 472
775 948
720 966
183 184
963 651
908 89
792 871
413 891
962 331
4 489
973 783
337 731
213 754
599 260
604 148
15 19
620 142
319 341
460 854
877 423
505 786
865 650
9 278
893 971
609 897
812 583
33 502
666 246
608 618
858 213
766 225
584 738
368 255
79 828
109 309
252 614
95 469
616 104
747 509
427 709
407 592
644 792
94 310
38 702
928 249
267 46
474 203
785 842
458 216
23 919
525 627
534 972
96 150
428 843
12 208
904 419
800 548
211 246
211 601
300 491
850 568
890 325
123 675
519 934
243 542
853 769
169 739
93 265
242 522
461 254
730 717
25 882
618 588
128 181
189 428
672 392
348 914
69 824
941 588
758 185
483 963
306 4
703 399
622 297
273 435
903 355
152 928
589 770
516 717
951 57
498 976
801 198
890 870
22 184
811 132
369 646
96 27
650 151
426 272
448 52
707 703
759 860
631 349
982 499
66 286
908 916
262 710
115 504
932 137
688 743
270 409
389 718
436 40
869 215
664 669
267 724
372 26
584 355
375 918
206 794
204 114
62 818
824 177
323 757
667 363
852 289
773 594
7 561
986 228
776 650
249 395
374 973
422 310
328 149
229 534
295 785
0 358
604 825
887 279
934 906
994 138
195 119
732 554
681 718
134 457
721 735
853 95
708 627
758 388
128 339
922 424
124 923
134 80
100 373
359 386
280 706
524 827
825 257
734 506
327 220
316 48
956 521
144 664
148 254
405 276
593 327
52 717
602 538
798 54
264 509
440 544
215 965
723 393
574 809
251 901
382 567
950 338
88 446
354 588
700 759
217 645
439 269
362 393
160 512
448 424
22 888
320 589
205 395
334 131
205 586
33 587
505 335
277 594
133 983
534 185
743 751
830 534
21 544
927 533
57 375
957 431
616 629
372 173
24 707
305 229
293 690
168 798
377 797
744 510
781 279
47 876
382 229
410 755
773 689
288 182
417 597
613 33
226 338
206 251
45 511
832 690
553 353
840 930
150 585
792 283
216 839
159 598
420 921
354 546
611 994
728 28
592 694
413 818
32 971
421 77
483 254
767 388
319 109
896 111
393 112
303 904
63 723
826 769
269 789
763 350
817 355
44 582
526 76
553 947
505 388
201 624
777 160
583 96
622 480
207 367
944 862
271 7
586 97
128 207
886 892
557 55
599 601
989 125
29 543
73 534
283 626
158 60
139 94
508 761
574 68
480 870
930 751
230 516
201 358
724 439
250 633
847 850
235 836
975 264
731 400
151 15
27 309
75 166
755 936
279 329
4 759
552 934
862 782
803 63
140 879
503 743
512 702
593 747
538 920
364 270
321 515
637 700
176 712
218 932
0 849
613 4
960 165
939 822
947 94
238 88
973 93
183 485
795 776
585 685
48 949
955 721
816 592
773 992
657 991
924 657
192 538
14 152
703 953
327 3
399 565
443 372
10 626
209 805
754 794
490 154
95 798
876 263
742 1
256 751
993 180
409 185
70 775
690 126
80 17
481 479
934 924
851 944
902 412
101 656
559 591
162 6
741 390
270 484
392 526
235 737
58 996
274 129
771 964
607 851
333 88
682 267
364 885
211 266
298 664
274 857
256 436
863 349
179 133
833 571
11 421
308 70
769 582
551 893
547 510
96 880
598 779
500 314
664 63
932 314
728 206
523 336
994 739
685 173
872 871
96 236
644 404
306 765
987 209
658 886
719 107
118 669
886 618
983 902
34 915
569 762
473 92
98 819
831 135
993 56
6 441
292 2
846 950
768 185
159 426
423 878
533 541
547 771
512 530
26 546
797 595
660 270
39 110
89 223
245 434
279 604
876 923
606 74
873 374
259 32
153 682
910 38
575 457
162 439
339 188
985 136
135 997
758 526
107 199
749 353
986 380
309 214
303 915
288 176
642 899
560 147
933 470
185 508
279 699
948 970
887 285
106 374
283 216
253 742
416 2
447 754
735 756
968 390
24 608
567 666
859 479
165 792
302 702
652 581
402 952
552 289
238 10
16 873
227 269
967 995
623 415
101 358
523 421
749 547
29 668
565 888
499 730
32 801
433 684
383 835
989 287
476 579
649 844
804 228
465 771
575 89
538 676
799 62
97 900
609 478
920 527
718 420
609 750
221 42
787 956
229 776
595 58
355 245
902 159
825 368
282 401
809 821
429 608
883 527
861 844
5 781
371 724
553 981
826 127
375 613
435 957
741 31
15 448
628 269
607 805
637 242
206 798
63 636
759 946
515 620
142 872
753 514
948 659
847 775
786 222
740 221
179 834
604 546
282 584
816 242
390 805
484 948
604 547
936 715
845 451
335 987
324 440
853 272
99 700
399 237
923 492
459 454
326 415
1 608
352 169
202 742
974 686
42 930
585 979
645 782
430 332
770 106
125 975
731 576
676 130
814 951
974 625
757 300
40 110
261 744
279 815
486 606
502 529
888 439
860 534
222 290
218 344
749 695
671 480
272 347
962 86
298 937
711 408
589 103
518 202
848 798
18 686
756 872
567 644
663 427
178 237
70 749
581 171
444 253
651 716
952 965
154 603
254 217
11 196
673 529
398 521
679 768
559 435
640 479
80 304
258 610
541 328
359 475
499 156
80 502
224 384
820 379
987 74
596 998
622 269
880 21
142 559
141 54
995 782
533 75
438 143
37 979
824 749
806 323
905 238
178 481
623 350
860 962
776 809
313 399
430 193
772 573
752 913
979 99
695 864
526 133
7 564
465 831
313 623
507 570
214 37
51 837
387 264
799 163
73 112
562 503
657 334
428 762
248 759
861 295
623 740
781 631
656 598
462 321
221 321
891 435
358 294
624 745
558 776
909 983
240 471
839 898
158 619
660 406
379 873
701 2
613 834
633 269
432 448
942 654
769 833
441 128
480 418
225 390
194 134
726 434
958 565
332 116
184 344
874 563
218 927
918 183
762 903
805 194
351 747
848 473
933 642
953 413
60 530
155 606
665 881
40 975
446 725
91 983
421 965
898 639
892 816
175 654
720 980
201 423
727 49
248 12
43 553
425 455
84 581
61 101
814 454
76 261
179 167
596 600
484 494
592 728
663 767
99 936
158 178
337 759
191 381
664 968
188 748
901 250
849 716
704 277
329 235
444 925
187 280
419 779
9 82
898 96
817 997
32 328
528 369
439 719
102 103
39 643
204 941
893 53
657 949
331 338
536 127
263 723
760 682
855 121
117 753
217 286
103 601
966 631
322 405
702 777
861 93
420 65
34 665
470 43
614 153
381 150
633 644
225 393
679 80
514 148
186 83
434 289
684 401
272 358
806 326
135 667
419 555
84 806
220 555
849 186
708 583
688 341
579 914
86 258
346 952
406 532
35 841
821 71
594 445
430 752
123 565
772 543
473 856
701 45
411 902
232 472
485 272
165 65
186 252
675 533
204 82
65 592
275 239
663 221
36 445
973 160
363 745
55 836
954 108
881 365
10 465
189 496
738 707
913 276
959 588
161 515
22 227
459 649
818 475
870 206
920 196
718 635
941 125
471 895
233 705
613 244
522 154
740 260
861 653
889 172
593 50
40 616
629 499
265 447
326 488
6 599
684 724
234 625
850 706
873 83
763 838
327 285
992 419
898 206
424 787
378 18
189 418
634 819
270 251
618 596
739 624
195 423
349 782
401 199
840 626
634 603
464 962
240 808
733 490
14 158
629 745
176 819
515 810
638 785
61 256
734 801
881 281
576 582
63 977
781 903
603 767
858 419
729 99
228 463
941 594
621 571
339 149
390 207
959 28
344 372
636 430
525 517
64 102
451 127
431 232
383 387
352 593
806 81
44 386
896 986
333 869
557 24
18 947
231 329
327 576
702 963
6 579
833 70
681 284
550 465
869 285
852 221
230 10
654 275
397 903
613 730
772 170
106 143
469 338
472 148
266 526
463 624
106 648
47 139
285 597
604 154
234 456
727 816
467 733
91 216
636 56
298 761
578 404
256 399
94 80
547 360
607 11
985 65
11 32
204 296
981 161
802 567
969 529
383 788
615 827
4 603
883 654
364 462
59 972
861 153
53 761
866 12
124 851
77 135
235 633
432 216
794 234
783 764
116 518
552 83
345 909
686 581
563 403
43 622
375 256
128 428
369 994
440 493
197 869
981 432
503 765
0 297
351 135
413 467
653 966
550 351
227 237
932 790
992 327
765 367
935 245
148 305
239 940
150 788
810 131
220 665
248 220
962 600
707 728
419 360
46 970
711 273
559 643
415 551
970 180
270 906
425 770
563 16
711 713
156 873
197 728
538 445
300 852
397 7
580 817
368 978
787 431
251 698
75 667
601 397
199 223
655 977
994 218
345 705
284 502
930 481
230 468
278 531
672 676
538 253
845 258
231 632
690 835
682 117
854 635
514 405
858 522
382 852
92 728
909 376
582 191
209 164
659 840
695 332
868 586
937 713
196 520
697 886
707 379
355 561
14 870
967 224
744 701
429 836
781 690
213 363
882 774
528 893
614 575
577 482
513 514
195 710
387 892
596 94
623 952
8 989
174 327
566 270
28 995
106 810
685 671
525 919
798 53
813 412
981 390
247 494
905 794
204 644
39 153
90 662
105 98
4 631
425 570
253 806
917 359
616 602
383 493
522 181
547 687
945 528
77 192
374 334
987 579
978 26
732 69
40 189
519 396
172 297
966 425
103 883
136 71
838 519
564 712
52 463
399 998
343 828
190 718
163 529
297 141
907 381
562 948
570 82
344 742
731 663
519 834
898 655
257 88
175 821
800 579
637 551
577 980
380 120
698 543
649 347
36 557
728 951
857 650
385 553
392 116
216 911
950 467
919 559
555 446
380 708
25 17
259 603
350 991
723 400
886 724
748 923
633 476
226 490
479 611
396 871
727 964
135 29
431 54
588 987
852 320
47 877
690 306
832 40
650 555
440 536
632 188
811 265
17 37
108 496
648 856
719 727
820 206
756 252
612 696
591 464
17 638
342 707
296 526
99 946
434 539
483 66
80 294
683 449
332 143
297 332
999 16
60 820
575 168
72 187
865 15
4 882
653 698
941 949
224 40
896 658
931 379
724 11
25 760
460 709
903 757
42 903
126 102
75 701
270 499
240 135
514 244
369 167
942 662
116 167
54 364
825 986
95 902
997 121
662 810
830 917
919 224
172 45
326 247
98 949
746 339
436 260
935 806
779 878
820 896
397 875
612 574
861 708
476 210
181 490
20 363
408 940
588 580
337 266
180 788
215 926
479 652
539 414
810 318
644 630
566 393
505 179
968 718
239 796
929 772
639 949
135 47
241 75
979 931
694 511
719 909
438 198
913 329
964 723
647 609
706 214
2 563
745 322
282 336
119 563
108 758
864 595
157 106
23 488
389 717
352 108
978 790
658 892
119 974
967 118
583 673
684 938
589 781
612 871
117 83
786 577
193 650
173 702
756 548
191 145
265 543
605 243
685 615
135 156
590 455
626 525
128 311
815 717
92 428
940 562
511 726
139 57
377 664
759 485
212 950
983 477
845 940
73 882
908 208
390 498
663 17
375 144
328 543
213 772
971 506
334 834
584 474
891 313
138 651
151 351
953 486
180 151
426 253
385 334
814 776
184 477
793 912
973 473
455 539
245 778
45 580
612 981
54 856
295 192
859 446
895 164
932 76
667 710
329 53
397 143
181 581
973 326
845 298
799 300
837 44
78 882
624 43
864 30
899 511
575 110
957 822
626 241
898 294
303 580
699 700
75 232
634 48
558 479
699 357
780 536
753 858
771 730
253 635
760 152
498 687
614 807
510 241
48 408
887 703
340 938
404 416
170 38
816 728
869 515
437 649
52 190
860 823
920 113
810 33
618 308
720 584
467 230
825 867
991 64
570 683
2 974
99 524
364 916
604 234
783 41
235 835
232 95
10 504
561 172
537 531
832 610
115 299
192 293
166 183
357 737
867 712
63 318
236 428
586 841
14 370
234 249
557 466
697 920
323 258
444 860
789 277
470 256
928 663
549 95
198 907
184 417
971 599
88 559
379 674
752 393
396 987
643 306
805 340
578 128
950 22
341 91
299 163
347 228
178 897
675 377
156 211
146 479
810 234
38 190
261 143
583 9
130 578
667 287
270 245
768 220
268 109
311 919
272 11
499 803
908 526
532 416
737 678
895 900
265 933
90 878
428 25
239 558
604 907
198 226
152 966
447 772
75 110
44 699
121 895
502 381
422 34
797 511
65 44
411 682
330 853
560 758
231 799
317 187
58 515
413 211
481 212
335 908
323 731
959 796
627 462
178 401
848 327
264 265
372 28
947 702
881 859
460 464
11 129
651 69
996 417
280 829
629 968
737 304
699 49
101 678
511 631
79 711
958 344
977 682
372 276
384 605
136 197
422 147
326 73
216 675
842 849
504 472
817 594
776 868
643 229
547 506
860 978
217 171
674 546
853 398
823 590
356 959
787 778
458 465
203 674
140 46
875 997
870 692
591 998
913 586
228 812
92 440
142 661
611 817
208 465
567 383
407 923
694 194
701 152
11 905
178 504
951 54
501 173
98 444
171 11
30 399
175 474
840 318
135 803
135 695
620 702
430 27
978 124
573 679
276 585
936 807
89 239
861 590
412 959
386 584
323 768
335 498
242 527
816 729
331 303
777 303
358 207
331 336
332 904
15 960
489 952
767 578
191 980
520 956
292 906
540 615
674 875
113 268
755 282
998 86
585 775
389 943
982 72
279 666
977 647
627 818
951 746
749 494
727 621
450 19
528 990
986 554
218 451
175 973
733 173
411 671
300 152
966 634
225 598
301 554
245 280
372 548
26 473
42 105
95 493
476 975
835 462
881 53
266 56
378 999
581 141
22 881
294 341
868 871
939 169
425 536
801 149
84 179
623 126
285 70
971 113
45 807
928 926
212 194
983 943
545 916
84 568
798 378
909 666
601 200
187 26
736 988
528 172
167 151
650 804
573 622
270 618
781 198
896 345
392 231
288 937
148 725
857 946
103 766
964 705
966 503
83 54
843 611
226 362
114 877
167 687
851 789
657 632
987 554
329 379
785 618
668 933
343 526
231 798
292 547
855 611
50 291
665 893
902 244
608 369
121 127
408 324
916 66
308 903
972 637
282 109
255 950
395 950
476 978
101 121
526 308
84 928
599 101
174 854
345 782
223 818
142 825
401 450
728 725
88 362
835 695
664 230
998 493
208 99
614 86
407 50
15 359
151 189
213 497
323 788
667 232
771 162
57 525
612 137
250 52
499 85
100 515
667 450
8 228
549 974
314 308
24 681
667 176
222 232
25 545
20 44
777 144
206 186
669 171
323 919
575 174
357 675
690 24
125 50
252 26
25 919
687 49
600 706
577 823
939 954
368 311
999 498
455 557
36 124
728 360
396 304
886 753
331 928
129 809
979 382
187 356
653 874
757 253
933 335
428 872
641 149
183 992
999 991
550 35
467 630
747 863
286 634
616 970
914 746
779 245
480 318
601 133
545 359
738 478
46 519
702 687
20 885
32 19
228 934
54 696
564 802
559 203
788 528
626 304
300 458
622 901
943 167
260 33
997 658
552 699
698 572
937 730
591 165
664 998
861 580
800 773
783 940
301 956
994 279
260 294
737 235
548 680
754 160
713 752
819 618
451 517
190 388
247 134
906 263
484 119
843 636
892 627
576 545
935 922
824 548
217 913
783 765
945 889
925 11
641 744
629 93
613 171
833 860
657 91
475 141
211 319
777 103
298 705
1 585
628 177
485 197
91 620
962 388
510 239
399 151
336 28
596 949
552 430
162 209
873 637
703 84
308 832
188 958
538 189
544 518
718 29
715 809
650 29
198 512
268 949
663 604
978 260
906 882
42 68
91 915
705 146
0 366
979 540
324 869
81 220
387 799
602 454
961 604
483 511
116 751
460 779
708 790
391 614
672 785
34 116
701 91
262 53
457 241
945 782
462 378
354 849
177 956
303 490
560 786
1 676
890 814
808 950
604 199
564 629
985 598
745 38
41 359
443 499
953 388
633 415
766 987
617 295
296 920
138 856
59 491
533 301
305 693
251 262
892 167
243 877
117 988
267 158
699 710
657 652
98 642
420 216
630 37
864 926
309 2
134 720
493 19
21 799
712 624
413 605
791 656
834 908
996 454
419 695
164 76
700 615
71 472
831 701
509 695
979 170
697 465
891 543
485 912
694 197
889 107
154 680
763 341
941 111
795 360
158 959
788 858
574 859
682 758
912 191
453 243
714 503
709 605
46 546
869 740
743 758
199 250
791 314
591 732
425 386
92 583
697 232
794 272
92 476
382 356
20 187
600 734
690 661
691 88
207 560
180 302
671 731
552 462
45 143
194 822
881 638
406 579
870 552
203 314
380 585
23 400
772 975
486 815
636 177
255 195
738 788
497 409
519 402
223 917
897 417
739 779
55 497
710 277
49 913
944 430
850 967
182 974
942 669
141 930
198 749
125 288
537 974
49 408
376 272
677 274
689 417
405 96
914 115
374 316
380 670
98 582
637 280
556 931
301 50
861 500
799 338
788 688
312 838
448 41
110 126
315 152
895 720
248 161
835 974
829 567
644 927
149 633
560 57
916 861
107 777
713 258
467 502
298 132
692 747
173 802
225 488
306 472
560 555
633 747
881 463
314 878
742 463
511 302
872 780
164 332
557 877
590 377
731 889
509 423
988 682
578 565
522 884
37 82
791 22
829 673
837 143
551 580
958 414
882 182
194 398
514 104
628 105
833 359
346 342
135 686
376 713
251 898
949 640
332 741
662 161
414 852
656 317
432 966
83 666
148 630
417 663
734 45
120 919
404 466
261 539
152 637
604 755
887 554
395 219
295 409
732 61
261 388
378 45
706 813
64 854
443 481
869 529
526 989
448 282
455 61
174 959
698 778
714 937
332 461
508 979
223 240
40 836
980 770
234 686
584 298
541 379
779 762
909 657
752 709
939 559
771 113
519 821
892 585
759 576
399 267
556 622
508 948
458 840
719 692
527 655
342 420
34 473
182 295
130 934
5 422
494 776
535 365
597 779
950 356
708 349
976 616
323 836
564 134
676 283
178 555
290 521
975 325
994 510
972 477
444 977
899 290
105 786
655 703
918 958
411 626
659 739
242 335
575 806
469 604
442 647
159 732
520 487
409 867
997 734
344 793
711 595
84 169
381 91
872 651
401 635
277 413
375 871
748 302
30 217
258 472
216 418
556 737
257 318
604 254
52 300
47 763
895 483
932 628
927 156
280 328
144 909
93 519
781 841
173 811
410 432
635 979
850 543
716 459
861 672
713 913
324 112
29 571
948 313
199 875
470 831
555 614
93 649
485 226
842 658
37 605
90 24
584 292
567 300
103 429
324 816
694 0
281 723
571 229
37 122
104 859
306 11
825 399
12 662
625 855
672 14
812 115
38 396
407 957
48 511
738 372
679 433
372 960
508 295
541 897
417 997
756 723
9 933
474 373
595 99
580 268
113 392
383 503
788 142
813 836
5 551
208 37
336 932
997 845
227 539
94 997
536 851
72 897
136 547
271 732
646 851
352 112
244 87
967 32
229 780
221 587
684 429
624 20
714 973
217 293
864 664
642 753
515 715
650 3
614 273
735 612
477 439
724 721
526 44
105 756
824 326
695 508
108 319
881 174
292 450
819 157
114 462
262 981
529 912
985 143
538 72
755 15
512 832
88 390
876 193
498 700
872 193
561 332
512 794
506 157
596 325
666 711
139 928
44 668
192 381
811 730
806 919
97 318
751 185
60 627
731 559
679 603
752 240
287 617
386 145
774 983
470 440
46 962
720 442
630 912
824 794
995 630
713 92
300 464
630 360
91 361
919 122
316 24
715 603
641 101
748 767
436 570
559 482
532 279
925 163
543 101
957 538
731 22
983 383
486 613
743 929
326 15
51 642
39 766
245 32
220 345
799 656
915 358
491 800
637 416
315 180
869 624
71 600
646 406
983 132
371 78
413 697
93 816
339 484
583 936
516 155
281 315
163 196
25 654
348 662
422 663
195 291
287 618
891 933
24 226
417 395
657 830
92 102
647 431
587 582
719 455
737 0
771 900
548 796
555 897
811 329
560 358
621 848
976 864
133 0
91 551
747 748
733 839
850 380
622 789
962 341
245 51
693 368
304 241
516 211
490 327
540 51
685 161
251 13
26 736
365 469
287 112
569 21
303 771
753 925
561 68
618 158
119 311
526 775
905 42
986 395
722 879
798 759
392 401
125 418
138 490
239 777
603 808
150 906
580 904
184 493
972 802
651 443
466 177
571 371
571 557
118 645
788 917
757 181
318 882
951 456
724 191
234 327
999 384
234 931
640 770
424 964
924 75
408 390
604 979
113 528
888 232
525 29
501 282
210 819
516 161
628 241
352 214
920 704
950 506
635 591
276 60
555 201
135 315
943 92
646 57
620 887
641 497
916 142
780 478
313 648
991 293
241 696
507 162
400 458
668 35
401 945
447 308
498 935
976 441
27 974
850 999
861 843
496 129
337 628
959 651
277 951
944 870
647 804
32 47
262 701
434 15
998 882
323 848
817 651
641 196
626 844
195 487
687 691
969 25
672 928
28 301
231 324
171 878
128 204
277 742
257 64
109 607
946 433
807 115
84 448
311 62
292 858
902 332
901 871
357 573
151 737
874 383
413 46
613 542
602 243
636 859
307 746
818 605
531 625
72 967
73 383
30 718
593 932
50 494
155 759
68 306
496 294
41 909
340 7
803 942
602 792
153 261
538 971
866 69
596 290
388 670
673 418
740 266
350 790
112 505
549 180
164 397
827 557
658 167
564 814
462 518
606 967
939 997
917 535
287 305
557 312
76 297
930 426
439 43
284 340
575 800
89 402
357 100
922 274
914 736
144 872
703 924
720 642
921 637
530 209
294 439
873 370
89 804
149 528
847 785
221 422
937 310
177 294
410 99
920 676
835 65
900 538
341 620
533 614
257 63
823 904
502 49
274 591
853 775
120 700
560 341
474 497
3 651
144 414
750 416
442 937
833 343
828 174
963 361
789 573
477 926
13 103
870 218
879 990
918 791
683 745
641 38
396 137
804 499
553 247
788 739
590 616
265 905
977 406
478 401
723 307
680 88
763 550
307 994
892 577
785 927
322 778
965 71
915 770
570 821
369 710
560 959
327 825
216 304
584 695
58 307
354 738
395 117
640 702
111 532
280 249
459 602
27 776
25 295
546 947
116 915
658 676
226 985
853 443
641 437
490 699
744 196
789 140
666 429
194 129
961 826
378 772
781 758
549 806
53 447
754 169
363 412
197 941
397 50
736 390
488 578
90 232
775 231
724 441
661 271
922 974
97 653
747 878
411 648
685 816
95 439
337 810
851 534
104 600
584 840
990 424
419 432
9 546
16 733
339 677
4 261
3 102
914 102
332 677
750 17
845 198
456 182
8 659
68 464
259 5
305 602
429 76
386 790
622 402
524 313
431 880
574 787
334 841
889 19
870 992
36 716
190 493
250 550
504 319
15 116
676 672
718 105
748 456
896 722
211 772
35 642
4 961
429 691
154 671
710 25
663 98
93 205
943 343
107 448
14 122
564 690
794 634
148 894
442 396
616 653
520 3
296 876
965 77
919 471
100 981
496 763
80 589
320 23
285 428
471 299
550 387
990 697
373 490
591 816
886 560
469 758
563 117
634 880
195 554
704 295
535 200
411 615
142 731
639 427
511 462
78 62
202 420
111 575
910 54
391 148
614 861
906 530
978 541
762 525
95 466
173 982
19 584
598 513
667 589
940 179
403 18
593 605
439 56
533 701
110 924
850 77
785 756
959 116
297 721
540 814
727 911
750 677
424 418
618 716
949 373
86 894
331 525
950 864
579 60
788 429
137 926
185 96
42 835
170 35
931 62
850 10
325 952
39 749
370 9
817 671
383 903
565 66
781 515
930 360
928 70
789 65
348 326
514 390
513 36
778 445
450 628
807 775
580 847
876 303
856 693
326 591
596 892
657 377
759 939
89 687
10 878
105 358
557 619
101 70
7 879
867 809
859 675
584 791
522 812
446 730
505 773
322 453
17 979
183 776
271 272
464 281
503 569
991 412
540 444
482 547
675 702
356 534
377 292
678 251
456 124
981 961
249 303
766 266
635 301
43 906
539 429
428 882
841 320
327 675
219 2
377 927
537 754
219 567
5 675
691 339
988 293
642 106
559 629
408 954
535 334
813 426
763 593
309 956
913 636
631 132
990 9
59 879
115 630
446 473
657 490
812 997
783 806
104 694
436 864
649 323
198 814
750 313
408 411
621 673
399 252
158 389
613 569
269 81
200 67
554 209
557 366
207 340
172 663
35 608
527 36
284 77
850 386
390 610
797 363
284 196
615 442
937 581
11 206
662 563
274 216
125 183
934 332
876 106
995 263
67 874
299 703
951 501
89 693
112 886
56 748
434 23
542 371
604 905
930 266
469 556
834 594
739 768
278 615
227 625
878 294
851 529
997 802
31 438
847 143
324 255
891 758
278 433
481 235
338 411
501 159
967 336
105 59
456 735
674 683
360 905
977 211
434 326
365 465
764 564
960 440
819 851
550 450
636 32
685 327
795 186
838 115
874 944
174 683
31 848
366 392
753 696
955 540
374 673
5 139
237 966
931 409
169 482
859 158
866 544
485 661
82 675
776 309
619 302
992 651
151 358
395 256
54 702
148 429
375 154
920 965
472 203
374 993
685 233
503 903
777 340
917 211
16 45
520 987
348 512
990 851
871 737
459 277
440 608
58 167
114 330
132 938
534 858
931 571
91 435
475 220
127 392
784 143
789 304
131 137
817 121
988 40
859 800
317 651
408 376
818 874
706 303
812 240
161 95
164 605
882 639
177 10
383 961
153 172
266 636
662 435
758 2
475 969
802 792
620 562
520 790
436 579
93 248
171 607
696 335
212 578
974 741
940 709
703 94
882 321
730 544
756 840
898 231
161 701
375 133
263 896
924 700
475 369
300 646
976 348
982 188
927 308
282 867
18 337
313 252
658 396
148 414
588 46
997 750
747 372
235 363
268 159
415 95
529 715
742 505
64 76
46 343
384 680
562 754
17 228
6 675
624 154
441 564
553 438
666 300
162 902
15 783
413 430
878 942
498 972
800 914
400 198
257 137
878 171
891 895
399 250
570 375
756 363
940 309
153 958
962 315
860 977
450 274
408 681
568 906
5 368
820 406
566 429
895 796
952 786
691 352
388 613
79 145
976 371
806 481
330 768
797 542
746 599
816 154
280 737
60 286
105 232
692 24
13 587
820 965
725 864
317 466
477 749
963 806
120 769
287 450
538 436
993 284
36 161
790 668
898 202
954 356
434 998
732 799
937 552
764 15
768 434
481 598
183 444
756 303
213 43
106 103
832 451
387 220
964 529
888 215
731 195
571 517
193 303
316 131
207 81
146 976
515 979
926 50
423 682
353 988
77 811
92 261
614 831
481 579
361 722
794 92
269 717
610 462
20 926
945 579
359 443
907 874
422 833
924 197
515 630
186 945
793 630
206 408
461 40
339 174
114 485
619 383
202 229
197 222
507 143
153 219
938 61
93 361
894 370
558 762
352 96
59 497
78 265
257 540
657 596
66 771
81 685
154 283
266 704
857 126
847 11
345 785
424 790
498 318
512 409
432 864
505 491
714 936
109 971
476 766
568 894
538 1
580 44
637 198
748 846
324 947
857 669
85 633
952 324
992 736
541 850
228 255
786 337
226 614
103 146
508 993
148 440
390 785
639 490
983 963
438 841
985 523
474 797
458 778
473 451
515 14
653 95
621 439
432 200
405 887
346 265
233 846
706 623
983 345
465 967
660 903
160 645
778 986
794 237
765 268
688 632
634 693
79 256
132 863
808 889
102 154
154 335
353 860
310 336
557 776
303 218
679 463
215 810
802 362
47 919
630 87
903 616
780 982
224 264
845 32
153 947
539 307
635 892
520 945
228 77
721 884
647 753
699 863
915 501
225 962
420 207
49 323
175 829
305 400
445 502
784 598
450 323
257 85
567 777
382 148
207 456
32 854
561 731
69 476
585 294
438 5
853 839
681 29
668 338
781 113
841 917
63 643
593 320
80 160
450 462
308 657
270 692
511 831
776 933
307 361
227 745
718 433
584 751
814 604
90 947
69 283
864 132
278 457
805 358
970 255
172 630
264 443
323 127
274 99
60 934
812 640
679 882
73 616
634 239
220 76
186 290
711 50
774 989
860 931
699 830
538 223
460 802
18 135
930 645
586 342
579 398
982 258
633 407
874 267
646 447
695 832
89 406
235 863
395 95
147 446
277 685
669 737
488 688
225 770
333 811
464 912
562 447
522 195
206 397
462 853
196 509
37 285
915 272
500 662
719 647
108 996
333 777
86 173
817 311
295 150
122 759
414 684
558 937
879 765
686 693
970 882
202 7
167 469
280 19
131 999
667 239
996 352
369 82
877 186
745 524
337 867
635 751
904 194
40 135
311 726
181 281
608 735
640 127
205 920
147 336
272 166
928 620
518 297
54 395
835 799
271 172
18 906
276 922
452 316
410 763
395 591
396 3
678 37
483 883
309 630
572 581
796 500
201 666
149 255
413 984
406 684
509 425
590 137
699 43
453 109
158 200
52 907
204 731
944 39
614 605
669 538
187 817
390 740
835 539
996 248
876 754
932 737
179 874
874 879
269 679
340 780
880 393
687 436
124 983
475 90
588 496
981 775
313 371
868 148
263 216
748 139
970 32
876 150
906 102
29 528
781 721
308 661
114 995
97 590
978 572
33 918
420 14
694 733
737 914
233 0
130 333
491 100
365 719
250 624
821 631
152 955
353 812
616 819
159 66
410 489
990 795
407 411
161 453
496 898
367 82
899 497
415 742
598 781
814 848
757 987
832 261
942 185
73 911
4 232
977 766
721 967
561 480
730 722
934 227
973 653
309 224
151 76
966 101
857 132
949 966
120 133
227 62
670 300
973 675
884 302
793 957
270 707
438 352
781 724
579 754
377 240
978 880
317 297
981 526
429 283
493 901
416 720
316 87
373 289
114 609
944 259
567 566
966 357
918 100
81 850
854 810
90 185
691 759
834 672
286 615
955 131
517 724
851 833
163 576
474 277
186 418
536 105
984 855
462 255
955 895
105 161
705 195
698 396
955 532
421 593
148 728
724 17
804 927
504 676
244 42
447 133
147 783
340 609
38 647
504 143
808 561
339 507
310 646
391 731
239 539
811 315
556 616
242 758
583 98
787 180
140 234
665 639
17 5
600 56
652 456
551 812
18 890
319 328
888 711
59 479
602 222
794 159
838 389
269 774
487 56
954 980
290 619
619 660
976 220
68 628
676 619
440 694
862 112
374 750
823 785
230 777
8 376
288 198
765 558
972 253
966 926
585 609
897 204
269 873
776 337
853 453
956 294
499 818
758 874
921 933
11 503
710 19
879 999
218 997
557 190
602 523
469 187
484 718
391 753
592 168
442 797
973 399
91 824
569 201
50 490
134 62
993 845
81 225
844 651
222 753
842 824
628 663
11 113
381 754
866 325
274 661
123 247
60 566
424 981
768 474
472 902
888 817
747 322
42 943
973 616
696 167
792 677
830 803
790 564
910 8
889 184
669 12
784 81
931 208
63 699
34 887
953 275
704 53
597 99
996 922
67 45
90 860
722 272
15 864
836 925
224 78
462 894
442 246
327 373
806 742
72 192
629 378
819 686
431 416
137 427
691 556
824 133
416 898
405 432
762 594
709 987
24 523
233 466
769 912
840 927
655 264
472 636
994 291
674 425
60 163
205 103
720 29
236 136
280 993
920 42
587 982
381 963
505 966
430 627
879 622
906 886
238 378
522 233
22 549
10 434
712 215
537 432
597 773
569 877
766 841
271 706
823 653
21 681
971 451
308 850
425 214
88 16
945 611
601 319
160 611
753 872
827 290
657 424
415 226
653 533
419 924
591 595
929 613
276 901
416 936
103 842
150 192
210 447
803 811
766 315
774 871
539 601
513 548
377 928
774 382
814 546
307 405
141 236
18 417
137 787
353 241
981 855
433 191
655 588
354 421
255 128
645 146
82 158
695 459
87 821
842 253
367 501
658 860
737 29
277 227
816 982
468 797
190 253
340 845
193 694
618 800
822 263
946 904
422 993
716 861
815 910
114 534
763 124
395 500
505 24
79 321
359 899
470 549
152 162
394 697
