524 943
719 888
197 702
417 587
464 854
112 312
358 752
215 304
232 258
53 151
22 255
5 886
33 166
672 715
431 442
308 901
737 789
27 934
796 843
659 873
537 651
755 772
428 896
480 970
122 687
61 886
729 891
895 947
276 662
60 920
456 821
368 545
747 963
158 831
705 896
818 899
242 942
490 654
370 624
323 409
98 209
471 827
100 770
75 728
785 995
241 788
156 816
131 139
256 970
152 290
27 460
51 270
402 705
112 124
435 681
534 780
357 996
448 959
34 479
177 264
29 965
198 858
474 997
329 730
967 971
882 995
285 431
185 617
81 342
23 662
548 869
155 865
115 905
314 384
149 491
1 531
808 859
282 729
208 410
12 527
734 894
165 874
179 491
521 703
717 925
794 897
52 265
11 522
167 325
258 669
168 259
552 977
281 470
259 678
43 624
558 777
432 518
50 295
276 350
201 923
67 820
332 347
225 358
744 854
112 684
204 765
317 724
181 194
598 793
225 994
417 783
287 771
66 567
689 843
416 613
44 483
391 785
167 362
21 102
107 138
486 872
210 342
190 876
140 756
21 981
134 790
116 258
77 684
119 676
93 527
84 924
221 928
448 667
584 769
691 821
307 907
602 915
105 869
478 626
499 598
732 959
76 289
718 990
19 112
189 991
273 464
744 915
495 935
192 431
14 56
316 474
389 673
895 918
396 847
445 873
247 832
529 888
260 872
606 724
148 891
355 716
421 983
99 268
270 644
51 327
525 658
643 683
267 561
114 578
309 803
556 911
792 988
248 444
16 402
259 325
41 550
324 966
66 376
647 944
62 996
72 974
873 969
140 755
530 686
191 606
489 869
477 747
543 662
30 78
297 403
200 290
256 796
172 876
674 820
736 819
145 168
42 808
114 564
534 996
141 602
187 443
10 286
24 273
181 351
55 479
106 345
31 902
907 953
426 628
79 246
248 364
173 743
642 858
89 176
206 691
317 394
486 680
680 759
214 704
110 759
568 693
76 456
410 470
249 983
38 62
754 847
590 662
304 927
368 800
7 481
411 798
401 898
433 478
535 657
120 999
294 692
40 103
120 511
103 513
112 903
166 959
9 828
549 937
350 485
657 966
69 709
462 764
319 595
247 328
130 247
776 800
291 841
412 879
704 744
515 816
33 999
9 775
214 324
298 699
26 955
665 735
376 781
47 549
728 797
210 376
44 528
335 987
218 369
73 99
315 615
666 889
0 16
566 675
325 693
265 719
282 633
361 807
356 416
144 409
137 505
549 707
665 694
237 387
264 336
812 931
54 303
598 656
70 625
222 763
488 951
584 835
122 642
538 945
350 706
35 856
195 742
213 757
788 994
52 600
412 683
336 338
466 934
889 994
217 559
652 862
57 487
179 446
481 744
184 718
105 802
392 998
149 847
563 635
163 496
39 179
375 927
746 869
661 864
221 635
81 287
83 138
127 882
608 669
739 978
132 144
536 844
482 691
45 686
534 678
208 718
65 488
445 934
107 234
798 869
231 680
508 763
635 721
391 997
327 596
130 740
327 460
629 942
315 370
49 988
201 548
119 266
36 564
200 622
23 999
703 843
352 582
304 819
339 816
47 935
496 529
28 956
657 856
227 898
238 324
525 628
747 787
143 175
343 663
687 798
641 694
277 390
345 561
685 933
730 980
226 972
352 509
182 366
361 432
685 945
23 573
562 810
320 705
337 983
401 487
22 95
129 765
724 826
326 657
56 863
836 989
282 499
540 816
217 902
162 601
587 624
502 735
407 786
123 559
742 960
611 765
92 408
132 882
208 918
134 142
483 617
251 970
510 982
199 420
21 764
352 713
800 997
206 783
207 765
906 950
726 869
67 134
949 961
232 618
112 157
126 366
596 688
378 930
550 798
315 482
171 195
19 168
225 996
203 951
209 990
68 505
79 572
40 554
525 873
383 624
342 637
509 585
30 887
516 933
37 998
208 248
545 619
376 541
327 844
97 186
537 954
607 616
513 527
8 400
38 985
28 783
327 645
613 710
481 532
570 643
243 831
130 377
507 862
58 918
186 367
596 723
322 555
201 691
52 69
459 953
37 89
364 487
453 734
426 618
69 934
118 540
664 671
495 878
178 765
364 936
133 885
440 807
131 440
8 861
535 961
321 572
50 808
136 289
613 715
755 900
137 295
18 801
513 966
496 680
630 968
213 763
653 853
570 646
136 930
24 507
180 892
294 596
237 341
431 954
538 953
206 442
185 224
504 595
89 275
0 720
565 596
801 835
570 758
59 447
307 688
83 932
487 679
180 227
10 269
135 222
341 548
16 733
611 918
359 589
239 590
79 835
267 507
78 636
25 436
137 713
220 743
582 646
225 251
520 763
235 250
94 135
110 943
220 861
74 810
221 313
652 752
259 500
136 919
689 944
826 924
10 19
8 398
2 602
233 717
522 820
319 969
262 955
431 527
476 857
689 697
170 793
670 701
53 621
94 159
83 917
273 279
103 671
57 287
25 520
126 900
340 445
647 869
652 707
527 535
216 510
232 680
415 703
214 259
176 509
297 782
752 808
95 806
809 831
616 935
308 731
732 952
440 956
483 605
115 975
51 560
61 147
198 202
457 476
338 416
66 985
120 793
278 818
889 980
110 857
267 841
0 165
121 146
751 792
119 956
8 218
31 365
69 229
898 920
336 686
24 588
708 754
573 817
58 987
449 905
172 915
81 642
172 788
316 554
511 539
436 757
467 871
292 475
395 697
190 735
83 778
759 838
577 839
178 763
635 668
903 979
621 840
365 984
410 538
33 301
401 469
272 411
238 937
565 986
107 633
716 721
238 481
429 554
317 410
397 959
337 938
300 530
559 636
321 895
527 928
280 975
738 750
553 687
470 976
25 609
746 929
519 677
579 584
948 989
901 907
591 739
391 845
121 757
28 368
430 555
648 757
398 835
495 740
437 471
462 562
80 844
110 209
140 363
664 694
130 595
221 571
538 769
612 659
878 992
27 308
547 676
66 735
426 913
827 864
385 742
326 817
586 887
301 927
28 621
510 965
537 569
83 107
658 695
536 767
688 794
196 587
614 822
249 674
502 528
465 913
596 791
182 730
31 658
411 483
449 631
200 921
4 338
308 348
51 75
91 884
221 432
44 679
47 353
645 927
110 207
192 803
253 274
284 337
173 932
47 916
320 974
116 664
324 424
12 728
248 851
73 819
680 850
79 469
114 556
358 763
224 550
829 919
608 825
109 114
513 781
25 755
142 834
419 510
783 918
238 770
31 410
64 843
260 312
495 816
778 854
354 932
203 404
183 581
649 811
593 691
68 163
700 997
210 472
129 507
255 746
251 287
94 156
703 768
198 758
536 937
52 869
809 890
72 73
235 390
75 433
238 828
502 881
64 235
353 742
193 608
444 840
247 348
890 950
469 648
149 406
536 553
275 426
362 699
105 852
927 934
115 538
40 517
752 996
105 349
650 846
687 957
447 557
387 689
507 856
338 656
226 262
562 889
5 924
857 940
29 875
136 920
342 653
312 338
417 757
39 603
348 420
219 642
382 905
413 908
238 598
421 853
825 983
94 182
35 260
39 289
262 527
561 604
532 874
289 294
333 643
244 415
239 681
587 634
621 895
211 352
125 845
22 416
109 511
204 369
243 546
10 160
122 572
654 764
410 798
295 441
743 892
776 857
131 843
104 715
419 738
584 667
84 545
606 654
595 811
375 493
385 406
653 881
309 769
107 887
179 535
901 922
110 427
50 910
766 953
44 366
33 185
628 730
117 586
64 736
111 749
508 557
562 849
389 510
276 331
510 618
811 871
590 784
835 981
500 934
866 953
490 978
252 958
369 573
661 897
646 786
343 773
506 974
258 895
484 589
454 524
100 687
236 325
306 630
423 482
593 728
701 923
571 953
144 882
131 674
460 805
777 930
156 636
256 414
741 883
355 407
195 455
447 873
44 77
467 531
124 559
260 548
119 400
282 565
240 615
413 420
52 542
208 703
178 959
62 974
52 330
600 821
137 620
473 533
49 356
1 961
481 901
221 881
20 139
515 635
280 731
407 783
174 462
344 705
318 774
119 826
0 292
490 778
251 913
23 962
376 960
441 923
277 497
297 674
541 636
284 367
173 692
347 502
154 846
52 928
517 523
107 517
816 885
7 81
383 489
43 449
319 759
37 242
168 268
156 686
161 971
334 875
377 663
169 681
86 576
93 98
557 961
777 962
322 794
283 858
254 705
84 464
678 925
93 853
540 946
107 249
124 511
441 526
475 853
429 695
145 913
522 874
702 837
497 652
159 862
132 864
468 569
328 393
247 534
486 546
74 87
585 653
447 563
417 463
158 274
187 846
304 721
61 358
65 558
207 717
340 928
396 933
613 909
142 508
147 628
54 221
60 68
158 631
507 621
400 781
599 780
320 436
320 381
230 794
2 447
299 375
232 694
123 955
265 845
345 463
246 870
566 666
77 930
297 437
50 698
570 830
649 890
266 969
413 623
70 551
415 850
461 797
273 434
416 631
231 890
136 976
101 895
31 154
452 972
670 820
502 742
503 853
119 984
608 824
375 532
30 299
577 828
112 363
453 880
343 994
112 323
213 832
218 986
190 597
769 790
212 644
65 512
147 496
537 971
421 456
346 839
73 275
19 185
472 638
66 633
530 815
956 999
95 526
692 986
716 776
280 462
326 773
698 920
174 235
631 892
8 590
81 470
489 866
619 856
313 685
128 841
215 797
128 662
466 675
355 391
169 594
24 367
495 722
288 669
532 957
652 965
399 692
18 315
549 628
55 390
622 757
237 540
215 284
55 639
649 959
160 983
369 655
9 57
366 677
329 541
331 367
82 804
60 119
100 961
100 507
209 703
129 595
414 446
811 853
122 405
502 566
457 871
514 573
250 880
773 880
563 932
88 141
553 998
98 559
659 866
569 606
87 868
165 666
328 501
259 519
374 802
177 611
597 750
125 830
353 357
603 637
96 272
270 725
1 636
721 867
648 679
516 789
306 766
535 620
406 986
231 788
408 780
399 730
510 876
215 560
515 585
209 852
929 964
832 965
553 566
185 566
326 584
82 702
632 969
674 970
376 905
110 508
665 861
238 528
89 798
674 743
666 948
235 630
67 877
595 795
132 972
361 556
796 810
442 611
285 765
493 764
543 874
2 560
240 735
88 824
391 832
57 850
86 780
9 687
505 634
157 478
119 518
386 929
666 997
432 724
488 635
530 925
279 715
90 450
179 872
615 627
363 477
24 495
711 915
421 504
661 697
168 899
532 637
98 198
822 987
974 982
260 662
377 504
539 594
180 763
125 807
378 488
402 636
552 983
465 840
515 973
224 853
385 683
213 781
200 936
918 955
174 970
178 678
70 699
625 879
750 833
212 686
591 675
926 966
227 432
552 766
947 972
128 630
341 709
645 764
71 894
68 916
41 446
99 741
76 868
620 702
178 659
266 769
232 334
696 913
16 814
465 963
786 945
496 946
286 710
180 493
409 781
175 601
52 208
76 916
128 888
306 778
396 899
76 233
124 981
498 997
315 938
77 961
260 907
899 925
418 969
79 102
32 180
277 388
84 193
212 464
434 595
333 871
947 991
919 972
417 423
322 713
283 733
345 790
542 715
244 511
324 486
613 666
708 891
54 793
436 870
357 870
228 465
556 809
475 527
133 950
244 455
16 329
90 158
632 675
874 919
495 712
109 595
304 378
352 432
140 449
654 806
120 363
35 919
281 914
746 766
217 990
233 574
320 664
347 391
617 649
144 266
329 862
605 707
309 518
491 967
450 498
125 813
512 970
84 251
182 427
369 644
172 943
229 844
608 972
257 543
590 810
271 753
24 359
331 894
174 668
470 861
338 672
283 642
719 851
245 278
901 967
274 426
855 910
622 870
166 827
479 769
233 976
352 393
724 944
246 612
250 459
83 923
718 797
0 917
515 790
630 691
256 482
392 469
92 111
291 615
94 258
60 586
327 453
271 290
236 780
671 699
55 496
324 741
531 849
479 839
575 673
44 736
418 847
33 488
138 746
127 551
684 807
326 356
78 886
214 666
18 913
73 337
79 762
611 749
610 941
442 537
178 614
32 582
70 378
417 868
169 545
205 419
128 352
532 782
366 746
384 449
12 786
774 809
217 558
737 828
179 499
466 717
299 710
440 498
268 722
308 891
80 813
448 517
208 980
299 926
79 748
310 443
471 887
104 569
29 306
284 881
2 837
699 899
197 653
339 375
0 465
618 630
67 80
147 640
399 799
566 830
228 547
273 786
699 842
80 891
148 527
313 338
12 529
183 589
562 929
379 910
529 929
10 361
509 948
353 699
308 919
208 530
499 803
198 994
237 646
146 630
765 944
294 836
426 956
518 829
355 740
636 898
260 621
349 569
121 702
268 430
798 973
954 984
600 670
222 652
339 746
583 596
553 633
9 815
423 716
555 673
528 704
53 285
97 407
107 717
80 837
827 868
822 904
163 926
422 737
520 578
76 175
62 455
80 464
503 877
532 784
529 588
312 814
761 993
100 221
410 478
532 698
436 589
105 520
362 942
842 941
271 815
270 468
333 548
87 562
403 971
698 932
362 560
99 553
123 672
6 953
435 890
24 652
172 327
41 129
324 467
634 982
450 595
280 904
350 991
194 754
315 892
686 875
137 254
729 780
138 810
245 682
29 686
621 708
103 859
678 749
427 732
312 374
534 568
654 885
200 560
227 991
92 677
102 698
167 234
427 977
373 461
222 754
148 843
359 462
211 946
37 725
295 701
99 182
105 269
181 419
305 410
408 749
439 510
606 799
97 226
583 822
40 157
188 576
1 38
299 547
249 936
25 897
476 637
79 906
498 582
88 239
496 908
699 989
359 788
306 456
241 367
278 407
206 399
400 947
244 494
699 845
76 430
67 94
173 553
325 487
23 413
283 726
67 262
973 983
208 289
781 927
411 530
281 334
281 617
213 681
127 733
58 557
153 161
714 976
653 678
201 702
67 280
681 985
320 347
654 907
435 961
834 844
198 520
125 815
159 801
28 280
438 892
53 189
165 943
120 622
171 673
238 676
661 953
271 301
277 334
295 560
64 395
139 262
265 915
69 77
457 776
349 668
539 895
73 191
56 545
227 813
219 489
172 817
440 502
188 825
386 717
133 484
133 975
48 395
592 824
368 469
633 819
36 881
462 710
72 118
237 359
578 698
78 867
103 932
308 928
121 377
605 666
511 799
258 580
173 200
435 669
68 893
840 930
902 949
373 744
103 373
71 610
34 688
137 290
598 621
417 742
328 436
191 699
235 631
449 787
156 884
50 809
305 649
332 606
428 904
277 980
531 590
348 917
631 638
54 252
589 824
269 346
260 397
460 847
28 909
185 635
146 444
587 803
445 919
349 409
347 389
230 626
326 332
148 963
317 554
258 567
265 378
527 638
662 987
486 690
121 248
227 746
166 917
549 714
85 959
64 784
42 700
15 32
369 515
38 347
69 914
296 800
179 823
193 438
810 924
236 410
397 463
157 666
706 982
67 381
17 797
204 718
219 839
102 560
86 450
507 598
246 364
307 896
69 746
231 441
22 677
642 772
151 493
438 475
171 857
227 542
98 968
297 808
399 669
720 755
671 849
263 566
570 917
814 987
255 668
570 691
564 933
426 463
253 715
901 925
425 795
504 745
801 894
905 915
200 626
50 671
297 934
214 968
782 856
525 553
37 476
322 568
40 383
100 108
353 988
385 765
149 889
395 511
416 690
310 890
333 394
43 292
260 619
610 828
394 515
705 784
273 991
106 384
8 207
844 996
229 560
61 762
118 625
393 471
50 788
156 343
776 831
603 793
350 604
134 300
592 934
36 942
151 880
712 938
52 109
125 579
286 677
71 387
109 438
211 265
133 394
88 393
188 349
438 497
572 658
149 944
165 538
316 886
177 418
380 880
581 858
459 611
199 496
605 682
245 637
222 770
968 991
179 858
317 649
28 328
221 530
272 738
68 511
407 838
139 688
70 621
349 530
232 845
266 729
718 802
377 511
503 840
50 345
34 662
415 699
273 990
263 945
363 365
126 770
555 814
262 626
611 787
20 156
237 809
286 611
150 955
795 988
5 333
39 845
348 897
338 454
170 751
533 953
79 468
376 656
245 918
2 33
510 529
405 690
99 691
54 302
193 642
198 201
328 398
28 238
44 295
366 465
148 672
616 999
655 751
344 349
346 925
734 806
139 208
307 497
151 182
376 713
793 914
473 574
313 812
501 960
209 220
357 426
777 892
325 995
670 784
696 709
368 430
515 577
12 569
752 884
515 598
128 661
54 864
134 529
867 988
428 490
208 916
452 785
45 110
799 829
132 496
501 538
278 405
430 848
314 770
285 952
264 432
481 946
433 486
10 705
421 500
133 981
270 768
785 813
584 733
642 865
432 532
711 718
148 938
60 911
463 863
79 345
292 647
133 912
77 923
191 498
676 775
544 831
616 947
680 709
552 704
897 985
236 616
48 526
764 959
579 586
174 284
11 821
923 928
5 306
497 846
503 974
174 334
473 518
302 579
153 854
283 402
191 872
18 239
750 783
198 689
714 724
725 973
545 901
649 852
847 906
701 761
227 821
447 691
700 749
205 623
906 955
147 608
130 626
233 738
289 761
828 922
13 247
553 911
148 554
115 406
754 816
519 927
396 966
96 971
67 594
22 654
262 852
335 521
240 612
354 568
490 901
182 266
87 89
177 589
292 994
748 995
461 514
27 857
832 998
305 899
592 959
273 797
147 573
132 166
700 759
12 520
54 542
278 631
141 808
220 487
452 567
265 587
433 615
265 474
613 780
516 558
91 789
665 707
288 839
47 831
703 891
59 433
690 757
250 416
850 988
654 738
677 907
340 920
292 394
258 957
526 825
168 618
614 875
255 635
714 818
302 605
521 714
390 630
158 756
232 958
146 322
53 612
0 884
292 745
54 631
157 550
70 879
127 845
114 945
11 100
755 932
805 968
358 469
435 577
20 868
14 535
147 342
342 419
32 516
663 987
889 922
172 801
300 960
257 999
99 414
269 699
206 237
504 675
292 948
252 816
139 312
6 183
287 954
671 701
40 471
334 745
858 929
241 547
158 898
499 925
768 997
204 976
357 480
231 305
124 836
122 788
305 975
147 614
259 848
82 285
888 971
169 828
727 830
763 988
614 625
265 974
241 734
91 530
74 114
397 550
519 950
277 339
176 838
787 892
529 686
870 926
50 501
331 447
210 777
402 671
176 937
728 910
259 530
2 956
373 751
675 859
198 622
798 952
196 388
74 585
726 807
227 352
799 857
558 986
229 362
538 740
469 518
401 449
728 803
453 709
554 568
128 176
80 118
277 911
355 932
284 719
582 928
84 492
798 915
73 655
336 944
124 785
204 697
406 588
142 657
327 785
445 670
218 644
304 847
236 908
202 979
136 521
907 957
174 628
53 755
91 830
306 997
229 694
169 863
453 872
664 780
334 658
225 228
331 881
239 427
118 629
218 991
117 477
97 948
55 652
150 834
498 500
79 492
194 355
249 999
228 913
238 779
357 599
818 930
238 245
169 356
226 739
343 699
217 999
440 869
54 942
55 905
442 547
984 989
255 585
835 988
768 850
73 450
477 891
380 715
488 902
424 714
123 641
57 858
123 849
79 529
143 486
586 786
34 123
289 927
708 915
476 559
35 549
361 512
741 792
280 580
4 995
346 637
479 755
847 954
279 604
99 836
622 765
151 685
612 745
792 806
268 880
717 915
78 817
780 961
171 360
167 593
716 939
156 547
3 694
502 650
282 690
400 750
312 787
410 551
344 752
216 632
285 612
782 899
363 679
743 886
39 689
53 107
209 628
655 675
157 565
325 847
427 847
247 511
567 799
319 921
489 495
107 303
554 774
489 889
234 985
376 625
674 781
654 733
388 991
556 681
7 545
744 755
355 786
353 607
506 881
1 24
370 679
460 497
234 350
468 986
362 687
93 713
144 826
487 719
401 566
395 463
408 502
207 546
167 857
252 715
48 276
68 418
529 956
190 915
231 254
10 918
455 616
112 631
350 634
200 951
103 346
664 863
201 223
390 662
126 438
194 290
209 598
75 476
306 788
150 730
224 699
207 606
240 811
115 910
13 440
104 813
14 877
639 680
70 425
301 903
861 943
70 449
525 542
546 682
629 831
408 833
328 439
491 615
679 877
471 606
243 420
120 928
434 608
111 211
30 412
466 891
707 916
249 313
212 793
624 932
765 841
384 521
352 556
12 587
229 619
410 472
338 391
177 944
55 298
329 389
207 819
527 572
123 886
128 268
412 450
245 643
529 629
85 164
528 981
24 563
147 435
35 538
125 332
68 424
457 739
753 911
664 677
140 438
915 918
365 408
5 331
8 860
524 635
298 616
53 322
531 552
567 757
443 883
251 511
659 990
320 412
336 901
89 691
5 476
237 962
293 722
83 594
229 505
803 959
12 198
126 729
235 917
360 648
251 470
129 223
543 594
495 893
335 879
539 708
692 853
297 414
146 891
651 849
473 809
455 671
173 933
90 752
401 520
450 991
4 25
472 598
366 568
94 800
53 985
508 745
157 838
159 336
361 400
339 873
146 170
343 896
79 649
434 952
236 402
406 943
262 767
5 182
133 451
186 982
788 842
283 978
351 443
314 752
5 156
326 977
152 874
21 583
807 875
277 535
44 830
35 658
392 598
83 840
175 843
622 983
369 905
721 961
627 700
825 856
633 802
137 534
556 676
72 903
363 960
180 759
142 568
417 740
610 960
176 804
137 798
506 787
101 703
227 756
52 728
612 713
147 855
202 883
275 703
66 787
319 587
729 826
595 887
200 822
557 998
356 694
143 796
201 851
428 596
607 677
572 833
40 390
719 945
275 774
414 572
159 192
370 734
888 973
710 966
523 525
60 881
208 218
377 771
412 973
19 551
384 650
393 943
662 776
52 338
262 436
466 629
421 552
661 999
317 878
403 724
193 784
285 411
662 993
182 405
733 987
638 776
470 720
246 383
73 734
523 650
335 469
108 504
21 855
251 769
173 493
366 655
292 630
129 975
306 663
293 732
508 748
218 283
18 580
667 817
91 467
190 778
46 936
310 886
8 901
426 561
568 853
144 483
212 273
518 810
288 542
37 164
403 447
335 607
466 776
2 909
244 544
532 688
590 926
194 492
108 934
140 918
28 415
241 975
40 786
111 329
275 328
83 718
75 325
419 893
421 454
50 802
318 842
582 908
129 769
55 752
237 671
195 617
438 523
210 478
309 322
807 989
525 949
73 376
203 492
269 657
265 424
583 707
266 641
387 844
122 596
711 795
342 619
57 329
539 865
174 536
695 861
163 516
573 589
539 776
161 433
50 785
844 937
555 986
830 837
943 960
90 426
398 671
455 650
343 892
105 824
39 692
612 620
160 281
66 740
673 877
117 610
103 721
517 910
285 812
63 870
894 902
461 687
246 269
337 490
513 612
596 651
206 216
487 615
355 728
554 753
23 232
305 715
126 233
216 763
45 438
300 826
288 684
283 987
324 909
521 773
721 837
43 525
290 492
370 883
789 848
432 476
191 812
90 290
306 776
53 174
96 879
474 781
461 519
416 428
541 785
950 974
263 827
18 905
253 319
519 627
42 103
206 952
394 647
423 496
549 700
796 949
423 780
300 929
697 884
21 728
30 239
854 996
209 366
529 759
738 971
13 400
704 842
219 841
67 98
616 798
566 616
396 947
228 989
226 696
777 926
165 247
159 595
369 371
130 313
250 284
220 650
62 649
220 355
255 453
287 872
255 604
438 551
427 652
131 700
57 653
253 829
574 989
200 945
514 710
427 960
150 648
152 610
62 965
318 372
12 419
23 542
267 980
271 926
409 759
765 972
153 467
370 393
494 570
204 691
436 470
164 587
118 775
91 533
92 463
203 863
475 745
77 164
366 836
574 690
393 601
844 971
138 338
829 894
330 543
59 300
269 770
360 834
279 655
824 858
142 651
381 955
32 746
113 545
471 869
803 822
864 999
3 146
40 690
184 233
722 836
644 992
479 607
262 352
110 528
121 252
428 532
630 633
179 461
682 743
650 899
856 867
2 898
222 588
394 758
117 173
595 818
109 202
649 813
464 759
694 937
226 363
718 997
179 856
176 952
178 213
69 203
397 453
424 971
394 818
567 730
287 325
737 748
738 879
562 695
608 849
213 633
186 703
210 394
738 882
346 447
268 549
18 868
3 292
397 989
71 463
316 750
396 406
275 499
413 496
346 971
373 956
559 911
11 473
893 953
563 652
183 692
201 560
201 556
543 853
305 668
614 974
363 418
269 732
228 990
34 313
407 926
189 621
318 632
624 662
577 877
276 921
761 829
314 482
386 687
43 209
176 355
17 773
101 891
395 881
330 781
256 547
520 541
798 859
460 505
382 483
390 759
304 503
138 589
327 817
379 825
180 722
92 555
305 446
193 700
523 679
482 578
132 375
99 930
234 604
70 742
338 484
181 642
122 987
132 805
801 957
524 536
91 137
443 616
809 889
495 568
329 685
147 169
598 704
99 291
193 202
713 892
678 894
535 665
17 19
818 822
358 977
114 694
662 801
690 909
472 757
509 611
110 438
143 678
60 129
262 786
499 674
154 704
41 393
370 762
413 544
390 933
255 627
408 856
118 290
114 451
414 875
313 975
5 876
808 936
134 594
160 550
56 445
839 865
450 587
863 953
131 886
253 738
109 866
147 508
579 950
454 974
364 949
120 240
280 954
176 440
726 875
600 672
465 782
511 584
52 817
447 536
55 700
626 921
162 773
741 781
75 755
439 548
20 56
10 31
207 300
527 802
285 403
200 420
63 220
4 625
804 880
161 936
504 787
18 209
913 991
112 988
12 98
155 780
32 811
332 517
320 371
8 212
75 412
295 780
137 475
708 920
433 941
445 996
205 221
486 816
548 928
647 826
606 940
154 324
23 418
141 656
343 868
149 770
282 632
418 460
419 690
168 360
124 164
157 697
721 973
270 535
253 361
269 545
423 968
738 869
446 878
142 879
98 380
264 731
14 682
191 433
373 711
793 849
227 303
898 948
276 433
218 882
794 839
762 779
262 649
61 852
83 527
555 977
816 819
708 830
251 854
227 264
409 962
189 428
326 712
138 341
708 759
575 905
354 548
162 668
3 520
575 882
482 956
772 860
302 920
156 602
172 866
134 735
515 628
340 676
814 841
33 952
608 874
774 857
877 963
289 318
216 750
201 706
413 699
353 478
80 333
505 861
299 596
927 992
111 668
304 619
5 834
256 708
465 613
576 835
343 476
93 895
448 692
743 799
277 861
96 194
709 957
8 52
44 905
287 368
259 712
24 546
264 632
229 606
98 441
158 793
269 405
886 962
37 853
66 705
154 314
23 260
312 463
384 721
23 708
89 420
282 466
898 966
98 925
128 548
286 366
341 988
227 691
896 950
7 264
930 962
513 574
306 977
239 690
50 947
65 139
348 368
686 957
56 598
611 726
330 604
12 298
55 318
525 620
142 951
265 979
424 493
730 840
79 822
772 872
26 838
363 746
321 538
136 433
396 729
685 863
78 227
396 983
635 861
16 938
348 355
204 779
44 841
510 663
475 634
853 887
250 472
10 952
385 571
499 652
133 362
212 338
321 941
576 960
329 534
867 889
71 677
21 518
533 942
165 420
147 990
99 670
352 594
836 851
598 970
565 936
507 534
494 610
144 435
302 823
386 852
407 725
192 370
255 290
486 807
27 634
50 797
502 733
570 644
242 353
892 919
531 778
141 778
213 272
448 637
375 868
300 593
23 782
138 424
278 624
232 306
258 381
344 356
352 883
237 266
510 946
508 829
286 288
322 560
851 960
360 719
661 687
665 822
36 803
246 666
427 830
38 972
212 680
382 447
384 648
331 684
510 544
160 798
830 835
682 710
71 795
753 834
84 418
120 656
255 573
1 786
85 111
39 297
143 773
528 745
773 781
211 283
678 723
81 508
558 791
542 705
648 862
298 540
418 548
770 992
557 803
889 993
20 384
515 538
157 635
43 282
606 769
447 565
330 646
240 307
202 789
4 298
838 850
302 620
73 738
542 612
957 982
354 783
341 673
850 869
309 913
132 430
49 519
201 229
536 695
485 794
92 738
489 940
143 282
20 561
173 216
198 914
49 483
176 552
422 723
27 384
511 687
166 558
395 561
112 608
906 931
22 93
350 934
314 632
78 875
4 646
271 401
197 236
101 320
395 412
791 875
131 562
303 649
216 473
44 937
328 824
270 843
545 702
16 204
529 634
244 533
281 997
156 830
233 829
645 931
224 807
437 708
92 721
194 357
308 754
131 132
82 326
136 754
223 311
152 752
748 945
578 638
745 794
330 408
623 692
328 848
499 765
572 908
209 617
517 767
250 723
1 157
756 929
152 293
419 798
257 364
546 895
295 644
55 689
313 974
302 747
513 598
419 773
171 980
290 390
114 497
851 892
173 271
917 959
378 678
715 935
94 261
741 830
257 871
232 797
184 896
49 886
658 847
18 822
565 638
488 660
31 552
302 691
78 650
571 756
286 380
474 691
873 900
157 568
365 744
281 389
613 628
330 460
286 505
276 478
70 490
101 764
395 455
473 755
327 457
229 837
272 965
664 865
232 497
23 241
764 949
562 874
392 557
23 30
62 853
307 484
423 696
91 585
231 692
564 688
145 371
337 878
769 894
202 266
478 577
427 507
342 734
86 341
291 716
353 469
570 776
266 837
551 774
709 782
625 818
190 471
701 770
879 891
433 595
73 157
16 363
705 852
545 750
41 143
262 612
184 746
740 935
292 802
511 709
74 880
136 897
258 422
301 950
149 545
86 658
449 970
174 674
425 506
650 720
466 982
565 614
166 355
500 968
562 647
73 831
319 442
323 864
273 577
78 517
171 955
141 736
405 762
263 668
187 388
6 913
528 722
240 571
71 883
208 882
391 985
307 427
630 710
639 643
160 256
427 717
116 805
873 920
567 588
107 136
328 402
50 113
36 930
165 642
202 459
399 445
593 706
303 872
516 689
297 942
11 28
496 724
168 644
88 369
506 585
195 265
660 908
190 668
310 696
507 707
458 513
106 952
177 516
205 762
45 56
425 502
420 578
922 940
291 575
28 160
149 575
409 777
445 587
599 635
658 756
143 269
116 447
633 727
624 841
21 190
45 898
318 447
623 721
198 610
12 639
488 566
154 923
875 933
689 789
533 932
2 310
390 732
635 708
177 231
129 730
222 529
799 846
410 602
396 614
401 459
480 967
756 947
232 473
615 631
274 516
547 936
518 631
326 505
340 558
422 683
257 687
839 951
103 553
601 852
2 519
311 352
321 610
108 147
739 842
116 762
607 661
53 478
293 731
335 633
289 370
55 329
358 628
520 731
121 263
134 935
246 475
148 838
856 946
51 295
37 57
519 645
572 719
364 475
656 810
349 945
181 756
626 809
114 146
729 892
267 828
215 742
54 426
243 283
0 538
334 390
853 948
35 667
778 862
383 786
672 732
205 731
488 710
14 954
259 856
35 124
87 250
218 865
304 461
148 657
352 834
47 300
40 434
170 319
296 702
320 956
39 786
274 526
749 892
228 606
151 263
82 590
652 865
456 522
466 956
179 818
143 578
183 470
364 789
660 705
661 843
332 629
52 210
802 903
455 483
606 760
