855 182
148 736
834 680
755 594
493 240
154 437
810 116
351 10
729 751
175 196
222 645
711 335
761 645
151 788
955 80
526 162
262 27
250 448
59 5
43 552
597 197
989 407
665 693
769 395
444 945
943 666
942 654
353 56
651 857
196 958
937 722
120 199
101 371
647 160
728 42
64 678
591 54
85 257
99 855
4 543
152 947
561 446
953 914
854 604
771 50
915 60
773 35
259 226
758 259
387 839
653 803
517 245
209 954
854 308
161 210
851 313
157 764
112 462
679 966
66 802
17 333
863 142
369 474
368 479
85 107
318 739
911 187
984 120
142 190
429 303
400 632
969 909
749 81
371 780
399 789
582 416
123 797
910 844
624 631
323 709
738 994
448 1
181 784
474 323
974 255
979 726
887 948
635 988
381 6
768 780
796 703
549 919
852 459
763 476
442 438
538 181
784 986
534 966
123 8
641 449
263 620
176 503
920 811
491 653
170 260
434 966
963 335
237 815
146 352
644 589
142 182
770 927
520 656
245 643
665 886
445 928
859 621
431 131
784 275
785 954
535 571
272 850
906 509
17 52
861 661
641 4
195 763
283 716
420 528
711 85
766 156
365 625
129 149
109 914
424 894
868 311
465 141
161 371
2 530
775 216
544 417
572 739
532 855
807 952
383 871
389 149
379 107
127 509
256 236
775 680
482 643
343 947
136 504
670 139
386 445
707 930
214 279
22 747
134 181
51 869
52 793
370 432
900 497
293 156
85 68
188 567
63 531
866 552
387 536
43 773
982 750
56 196
29 78
295 163
259 347
32 664
140 754
448 40
252 741
548 689
161 88
257 224
971 475
128 358
12 171
483 346
921 891
894 950
969 190
465 581
889 849
245 29
604 693
421 856
786 321
897 947
409 506
523 732
982 652
90 994
175 925
692 97
817 586
47 138
128 865
71 17
714 668
398 318
713 171
526 499
492 424
798 253
930 674
985 912
678 427
258 853
705 950
950 874
889 350
12 369
215 436
387 929
104 137
600 818
309 126
669 801
550 820
407 833
494 744
745 524
172 356
377 229
658 680
103 899
382 467
269 949
903 656
230 360
793 830
178 102
957 199
256 859
19 15
692 865
759 438
389 283
146 119
864 804
799 967
704 533
787 325
482 690
981 712
50 126
543 580
581 852
780 189
711 799
556 404
665 667
194 54
303 692
525 167
496 676
487 552
209 274
229 43
316 210
108 367
689 3
299 622
855 79
811 918
231 719
322 896
386 868
302 689
560 828
209 409
856 696
313 66
322 543
461 638
105 569
357 146
572 657
768 779
736 931
698 967
650 372
215 389
241 870
430 153
50 639
562 906
687 228
324 9
771 786
648 876
707 5
375 632
14 143
411 751
75 461
70 77
834 638
466 427
860 897
580 910
888 495
168 576
723 493
585 846
631 585
74 690
591 449
322 605
593 86
708 20
547 131
97 381
121 916
160 981
813 741
243 53
588 411
629 311
256 215
509 239
152 583
930 95
33 604
53 626
690 761
998 590
244 447
971 717
363 484
698 528
225 941
582 165
705 211
476 961
778 985
553 931
920 835
26 953
439 79
931 482
193 929
72 789
377 395
507 92
879 205
621 456
499 203
621 204
766 449
517 545
786 70
828 707
905 854
12 697
286 944
179 479
225 603
268 954
998 127
47 230
333 668
686 184
223 660
388 341
109 257
886 248
328 66
955 585
273 319
282 559
263 813
390 841
416 10
795 767
138 842
997 823
862 35
7 437
695 747
779 157
4 17
405 684
84 712
270 357
31 904
268 647
718 10
488 486
20 283
253 510
478 602
333 340
638 692
130 685
439 909
842 796
278 599
480 362
311 102
71 695
7 691
342 77
701 830
563 74
465 169
936 943
771 622
636 761
314 118
447 106
27 641
902 305
241 382
20 904
485 443
951 844
135 645
921 836
475 836
262 293
5 199
588 129
821 576
890 135
694 689
593 721
683 495
379 924
230 751
180 67
194 484
911 329
129 184
518 957
20 780
250 26
331 190
155 152
767 397
640 461
87 233
535 770
81 266
46 311
17 578
730 211
414 641
541 544
825 411
501 197
191 103
575 875
293 82
27 60
480 19
874 919
605 409
41 686
27 439
349 44
369 79
255 784
72 148
328 249
559 181
446 103
284 22
978 577
104 357
990 936
377 216
855 982
977 248
20 4
39 369
48 409
800 655
545 872
156 873
121 715
406 919
170 690
941 148
619 398
858 961
686 235
177 894
569 154
142 589
510 182
310 558
943 110
566 488
982 722
713 455
789 119
374 960
809 668
460 780
418 318
742 104
905 271
998 474
778 493
415 288
675 725
199 970
187 765
458 521
839 171
328 628
290 703
588 451
723 401
583 141
719 325
597 625
949 596
451 727
89 867
15 116
944 566
438 484
331 896
5 522
419 334
151 61
389 91
512 464
844 95
605 564
773 554
541 722
150 992
801 591
211 168
59 508
735 497
992 418
745 349
941 164
683 444
225 424
887 89
888 732
537 845
296 310
400 189
384 902
181 185
846 745
353 257
253 88
755 245
859 852
946 800
17 630
596 594
406 483
684 647
215 573
492 863
883 244
52 619
147 586
804 345
331 509
602 936
950 709
533 809
562 479
961 931
461 557
877 868
40 561
515 608
134 359
471 369
604 876
988 103
462 144
800 145
6 402
433 308
464 966
469 378
445 782
661 907
339 538
127 731
452 994
339 938
353 163
308 309
39 648
412 853
145 212
350 503
967 783
811 783
749 632
513 546
414 174
453 105
712 932
836 516
926 528
455 632
691 115
941 82
763 354
287 260
918 989
115 237
772 278
20 873
910 533
419 324
59 225
429 124
509 618
640 436
146 95
68 189
210 9
623 326
715 262
586 986
251 54
223 23
332 596
248 243
481 19
919 541
596 701
665 106
319 305
542 817
753 962
358 963
323 981
289 391
243 228
377 494
282 952
869 966
548 469
209 382
488 481
275 85
182 940
191 853
597 85
22 702
399 380
666 722
713 307
465 956
887 842
802 521
795 23
488 695
844 49
77 332
882 704
769 416
996 312
269 594
749 643
648 148
23 666
223 88
974 688
396 213
883 550
735 30
573 575
725 417
976 155
102 859
859 223
275 856
536 897
802 285
540 450
786 916
117 361
4 443
49 401
8 932
951 95
962 877
670 40
646 999
547 100
858 406
324 133
614 212
382 416
849 923
219 635
191 688
996 195
483 398
948 491
682 252
939 997
481 609
37 479
960 936
580 818
342 256
304 309
468 686
725 317
961 296
305 152
336 653
700 819
51 0
663 86
252 602
83 85
563 472
565 524
408 145
342 102
401 998
411 221
685 489
538 998
137 195
151 474
849 203
293 252
203 956
690 808
558 773
893 474
597 458
998 357
955 692
812 708
691 575
929 728
64 820
726 202
367 229
28 216
432 321
821 988
630 511
796 540
637 41
14 586
500 12
296 807
705 108
516 748
683 797
476 100
969 554
654 337
784 682
905 568
3 78
908 985
590 704
526 579
746 892
517 598
905 813
757 962
921 625
710 957
775 538
57 744
92 711
81 228
745 339
149 748
417 57
86 359
114 612
938 212
504 456
162 761
621 919
75 543
897 785
852 672
675 261
416 120
324 850
348 69
189 849
169 958
259 255
318 373
867 256
937 724
64 99
837 686
370 913
581 267
50 785
939 726
46 356
846 370
558 546
791 747
396 960
57 7
216 375
380 435
984 317
511 48
768 349
86 138
614 19
406 664
390 202
53 588
572 611
135 363
710 883
676 768
890 892
143 622
327 127
291 191
528 59
540 966
197 154
986 955
170 790
653 561
345 706
149 917
670 636
633 380
519 661
500 409
553 996
31 232
475 322
423 3
733 315
970 283
469 308
238 640
450 891
553 795
950 54
65 620
691 50
352 562
711 853
324 264
849 707
848 324
382 272
680 115
939 2
398 761
310 637
401 112
880 306
908 830
712 973
802 755
375 155
318 86
360 642
702 561
701 550
885 83
174 917
199 114
271 597
875 933
586 628
46 819
286 954
1 998
279 804
754 654
311 424
92 671
66 794
232 767
696 469
203 871
739 402
337 10
351 564
944 290
544 990
109 830
296 462
180 927
266 934
933 577
358 377
600 776
171 184
896 219
654 451
442 745
853 779
755 556
695 699
846 239
41 307
69 689
770 250
968 388
536 253
318 247
630 918
375 801
103 623
373 109
74 815
854 927
595 609
484 290
661 682
530 54
990 951
96 112
553 416
500 90
670 818
689 300
89 64
454 192
688 827
653 762
642 507
42 589
468 878
880 481
912 762
536 254
65 984
366 619
400 867
61 70
37 750
723 126
814 177
670 854
4 323
969 998
830 363
588 651
241 820
132 505
934 20
760 999
4 126
970 757
345 31
827 735
781 550
861 948
79 884
154 435
207 123
434 390
486 374
41 79
546 525
585 480
546 345
831 902
823 802
659 521
185 839
256 319
741 469
267 173
353 421
608 561
897 394
303 735
768 696
815 314
573 752
449 978
374 272
132 385
793 317
576 401
636 670
871 255
843 224
29 451
137 926
198 792
13 966
488 180
633 62
932 131
533 733
461 259
358 593
645 151
263 573
905 251
243 776
507 86
352 536
890 490
814 88
634 827
406 123
8 391
537 292
523 422
26 984
682 384
930 679
887 193
252 792
444 496
920 303
934 273
191 824
115 5
264 749
185 671
224 545
62 761
837 937
184 215
922 866
599 204
545 839
749 149
631 545
645 904
849 580
177 40
756 292
398 21
393 935
44 618
480 458
731 669
396 915
885 670
133 836
874 30
675 623
180 307
168 177
563 369
109 740
762 866
384 160
239 129
447 635
747 927
93 479
948 489
746 833
159 880
670 33
262 345
8 442
4 177
972 919
898 81
659 660
299 395
820 890
525 267
525 624
546 619
103 495
108 850
680 620
82 702
5 344
400 14
139 756
543 111
676 441
544 687
102 844
83 274
734 960
894 260
584 792
879 688
639 339
890 320
959 972
374 317
668 774
331 159
531 226
270 559
667 167
246 121
363 329
748 97
289 642
709 226
434 940
914 426
632 156
98 591
480 472
908 148
247 591
308 130
817 930
689 837
449 935
958 812
617 706
262 258
700 971
484 487
912 750
913 544
906 11
487 386
483 748
887 82
691 547
212 509
829 901
698 279
189 656
443 806
715 705
64 767
677 901
254 941
651 519
837 558
530 676
296 366
424 535
448 116
82 13
977 264
266 675
543 455
683 338
613 750
44 30
518 721
931 772
14 934
292 851
492 174
527 141
892 304
676 693
772 111
706 101
375 972
776 270
780 811
608 745
562 652
775 80
725 58
204 739
993 496
942 837
23 822
978 915
478 7
608 602
118 666
703 493
991 831
763 771
642 371
868 204
376 644
284 101
54 841
193 47
337 487
237 712
661 215
980 139
222 940
741 692
607 796
185 598
627 948
721 270
672 589
474 400
585 111
853 640
952 398
39 641
886 628
706 547
844 686
39 418
626 132
111 585
929 648
183 556
949 256
826 973
846 653
373 783
116 226
775 420
625 167
413 863
795 471
410 991
157 801
410 136
934 873
721 863
521 257
419 822
513 598
795 711
603 168
495 71
747 270
491 724
437 256
587 233
728 349
224 237
151 986
373 437
211 447
300 85
56 71
907 569
21 703
281 624
223 776
695 970
398 538
694 836
147 633
421 875
983 997
112 486
336 838
923 547
637 575
632 693
998 892
262 20
595 895
996 818
671 44
141 422
934 187
610 81
821 31
956 156
380 421
994 716
259 269
616 896
844 600
941 194
492 203
566 439
99 563
258 122
959 751
544 893
290 506
975 111
889 931
619 270
704 613
338 963
234 954
211 78
907 152
625 399
708 191
839 159
106 449
281 65
552 178
959 842
684 934
954 926
217 925
196 922
891 886
885 125
193 449
556 100
953 181
851 661
372 690
820 479
491 454
896 43
984 855
886 668
789 192
594 7
117 142
281 8
381 518
134 574
967 690
674 273
223 525
934 947
568 107
778 59
561 675
103 545
530 989
565 672
533 512
31 650
6 312
11 387
830 145
313 150
187 987
423 762
865 357
709 785
816 840
844 729
515 299
626 397
640 192
69 173
56 100
176 414
412 187
802 595
684 115
745 223
455 168
985 672
877 46
809 694
886 5
423 401
305 50
799 297
594 220
471 2
321 999
416 85
186 570
680 870
38 777
93 845
945 430
517 823
476 326
869 715
331 644
468 988
46 619
286 640
840 109
994 513
108 411
950 646
333 983
868 371
760 961
216 706
743 85
881 571
763 750
286 447
394 755
787 793
374 425
785 566
534 780
79 994
543 30
992 876
365 860
600 125
173 168
183 916
254 64
840 369
166 126
816 913
233 604
706 960
29 491
526 916
271 958
262 166
340 255
395 705
467 995
830 641
163 14
909 769
430 749
139 597
228 307
862 461
263 568
421 645
411 300
913 35
258 175
201 598
782 596
303 250
591 485
243 107
851 152
876 282
254 367
231 482
675 445
295 290
13 69
935 424
369 848
811 979
376 13
577 158
609 232
760 553
69 355
660 921
508 888
555 114
256 138
596 283
583 243
925 948
312 861
724 681
61 536
660 437
549 589
948 510
821 60
63 243
416 75
164 276
964 71
390 572
209 338
207 144
581 132
92 246
345 816
927 759
704 940
196 253
529 496
764 703
909 179
946 325
255 462
953 219
885 695
791 446
385 350
590 318
482 682
564 180
850 492
939 555
784 487
160 313
336 924
368 245
456 314
922 711
128 227
930 13
922 73
459 659
977 257
435 542
789 286
386 728
193 170
568 353
835 904
630 204
149 86
870 71
797 999
298 79
364 572
504 824
231 279
225 208
888 13
102 678
299 840
758 844
362 326
549 198
230 179
754 379
617 976
802 766
975 452
197 692
24 701
868 255
980 445
816 869
458 270
899 757
463 657
953 825
984 503
375 214
34 481
594 652
458 748
770 785
201 968
477 225
21 345
833 2
791 1
223 601
623 122
711 86
779 664
264 763
167 639
330 554
473 924
558 931
24 328
716 225
648 546
451 670
891 636
24 34
637 247
636 260
721 699
699 500
363 963
616 883
954 946
437 427
222 995
358 246
323 427
472 324
973 275
994 216
911 18
603 900
617 591
512 338
290 211
838 5
174 806
888 129
752 325
908 326
320 619
925 996
46 749
320 371
24 314
939 287
684 894
187 301
837 699
639 479
263 829
485 437
636 373
918 740
51 827
67 371
446 344
719 844
93 39
567 469
705 506
756 389
753 295
690 590
346 329
422 609
511 907
47 147
632 317
887 683
144 306
55 942
2 774
786 95
166 353
564 871
212 672
261 317
967 303
907 314
985 329
923 496
588 322
643 221
640 882
904 784
541 311
727 543
86 865
991 604
571 907
475 783
580 88
100 547
392 359
861 377
41 785
225 981
107 868
202 99
102 459
884 995
770 963
891 208
180 882
812 751
789 288
886 369
376 338
269 120
50 130
497 443
267 722
424 727
942 627
826 397
86 62
392 208
377 635
417 558
517 229
661 659
869 548
380 598
238 649
718 288
132 568
731 399
642 508
478 937
487 657
334 925
719 78
133 97
66 550
7 583
132 20
594 1
568 975
951 159
976 670
799 108
590 883
508 232
391 338
521 878
995 207
803 715
638 288
164 704
839 523
639 323
543 234
676 464
561 628
623 537
650 422
646 240
305 506
824 696
844 698
926 840
905 81
907 543
370 423
247 561
946 239
884 489
473 560
305 386
540 928
923 190
703 921
782 8
427 607
57 624
305 335
464 562
417 723
106 139
146 705
700 92
944 936
933 769
496 239
155 389
519 431
579 222
352 362
583 132
321 640
756 626
327 572
540 96
295 646
235 441
704 935
885 648
223 818
418 72
409 925
461 929
356 40
151 709
402 734
193 75
726 949
701 54
521 594
150 816
240 738
609 944
25 494
945 249
664 715
321 74
640 782
3 349
174 506
410 577
593 603
652 319
552 706
725 425
652 228
241 892
966 202
189 991
696 486
240 712
201 913
786 193
695 141
894 870
648 304
799 241
907 803
912 811
861 990
236 513
218 829
758 536
31 299
527 79
785 120
144 338
385 930
883 433
424 778
655 424
434 806
17 342
961 929
505 823
271 742
688 489
923 798
377 307
97 257
738 234
729 882
572 114
165 808
547 589
586 554
13 372
360 30
714 322
311 572
497 583
666 185
424 589
336 802
248 433
59 987
668 788
221 592
254 386
400 802
327 338
356 692
711 717
74 777
391 386
701 888
321 367
73 97
309 409
899 557
195 310
896 215
98 470
159 353
208 560
507 536
250 215
580 313
284 655
443 675
393 144
563 714
512 989
811 173
750 63
82 945
373 979
512 824
449 672
529 657
584 36
545 186
251 126
500 888
133 943
563 526
439 127
592 303
468 755
476 218
818 559
516 544
890 28
368 691
700 249
348 636
285 246
823 888
372 323
776 505
618 692
383 409
171 975
713 639
730 541
857 901
100 725
445 342
754 165
33 806
414 734
443 51
980 266
291 704
941 420
561 911
112 296
320 283
271 33
922 353
927 131
254 379
209 51
722 963
121 334
841 916
385 173
534 677
229 827
97 142
738 209
438 411
844 61
444 118
767 723
601 373
103 810
425 825
125 345
932 247
680 126
515 65
299 402
94 881
229 191
23 320
752 814
731 948
875 527
66 642
251 668
16 354
478 793
179 604
138 463
203 170
941 70
236 593
472 330
474 702
874 849
22 978
663 105
279 891
632 345
885 883
365 253
237 196
398 768
152 889
584 355
59 525
777 647
118 250
978 592
304 204
794 678
534 457
783 813
700 415
511 938
299 876
543 888
72 942
657 576
831 241
931 242
766 61
890 237
311 220
181 967
424 975
645 310
785 780
124 485
195 987
775 846
863 319
735 288
261 744
864 444
985 148
686 103
209 928
692 872
148 874
839 924
849 836
235 634
616 711
472 163
698 599
10 913
918 97
553 531
841 418
327 178
918 14
633 479
942 326
351 443
200 542
367 401
730 602
388 346
313 860
861 363
459 223
277 730
320 830
261 513
600 589
43 518
955 677
997 249
355 700
692 907
594 412
308 324
14 696
22 680
908 884
43 720
107 672
450 780
855 63
645 455
4 689
326 311
718 675
913 425
376 957
332 322
369 992
647 384
41 669
416 949
905 459
21 365
484 471
497 339
887 142
794 891
183 120
555 901
796 468
326 524
425 10
846 795
3 845
531 44
867 947
345 772
758 367
489 242
190 986
581 77
481 728
321 664
200 876
918 348
696 244
872 121
255 71
268 610
916 799
6 783
98 351
908 857
718 397
451 261
736 33
338 217
113 11
881 313
239 799
662 935
396 886
409 3
957 677
965 226
829 971
361 279
322 621
136 393
19 588
654 107
973 344
324 86
708 557
399 947
709 413
235 457
300 644
812 609
673 777
835 854
748 549
134 422
170 270
815 541
210 821
648 535
518 324
621 226
234 373
173 943
138 408
752 438
404 564
400 78
341 587
932 89
136 66
863 307
689 31
200 899
852 849
787 370
173 408
948 759
133 474
702 272
234 806
62 639
370 462
717 711
50 1
152 186
420 368
845 109
399 46
360 251
895 147
974 420
908 274
180 41
748 234
665 983
41 728
622 763
190 691
827 240
692 979
779 112
347 624
573 746
22 934
350 269
433 676
690 341
950 222
383 699
808 48
682 201
128 656
965 319
347 792
911 39
123 690
504 823
667 77
921 689
363 623
959 797
299 1
138 250
575 873
301 735
274 983
289 402
639 606
73 338
750 985
729 873
27 233
48 46
663 322
736 26
945 47
823 245
400 314
847 327
539 148
62 813
483 351
568 474
309 641
812 59
978 541
285 6
127 333
52 790
655 140
168 953
187 992
550 939
658 397
266 197
897 681
363 732
384 931
206 694
572 370
753 903
263 38
909 742
724 313
532 731
454 53
684 993
45 234
933 55
983 551
252 880
232 967
964 617
898 522
311 823
892 416
726 508
455 987
602 531
300 487
262 754
540 299
100 937
885 33
992 869
936 596
101 169
564 66
138 462
588 801
637 833
217 363
693 24
350 295
555 651
782 170
757 674
821 857
611 706
242 603
927 179
552 29
700 116
447 838
930 387
639 568
572 208
283 265
233 634
913 140
637 47
662 394
722 483
604 333
190 198
289 117
377 841
498 429
957 945
267 887
333 258
807 905
467 91
523 52
725 788
192 714
835 855
460 557
690 64
243 880
263 532
350 992
373 848
422 682
146 41
921 831
652 729
88 471
820 611
523 897
399 67
963 587
274 423
496 965
840 739
197 103
623 547
447 348
748 221
30 894
615 952
77 267
33 165
90 853
129 613
102 880
32 65
467 659
488 316
624 328
55 821
783 31
721 583
379 821
804 410
67 419
714 144
38 747
309 128
952 438
93 54
319 126
471 138
785 311
454 761
992 862
934 775
893 7
358 272
828 515
34 895
286 100
39 325
847 349
453 799
139 899
205 810
25 676
949 162
988 755
275 980
617 209
107 862
217 818
135 45
333 521
293 619
622 332
296 821
33 750
621 173
649 178
335 26
855 636
540 195
392 815
527 9
376 634
872 945
452 359
991 137
232 284
109 206
968 405
28 2
507 1
527 156
179 862
534 386
499 426
581 243
593 108
252 970
743 476
915 547
187 258
37 420
894 146
626 863
551 6
217 59
7 744
567 187
958 454
925 809
880 507
52 474
615 657
796 710
133 63
610 321
322 647
93 216
145 71
431 696
78 648
107 437
744 27
976 703
481 902
512 713
409 917
539 376
574 335
439 707
399 49
380 73
48 825
289 193
897 73
241 327
721 701
764 466
728 93
521 561
995 385
274 756
302 814
132 228
501 571
288 900
972 20
973 20
846 615
565 95
40 159
422 761
860 538
579 940
631 452
501 978
838 127
734 492
293 867
721 795
790 9
47 115
29 373
487 227
340 53
322 380
212 96
141 424
635 73
364 618
525 865
597 715
344 331
560 638
550 633
433 693
994 832
808 375
205 295
603 545
348 277
925 912
374 419
336 361
492 52
979 369
269 576
437 614
260 997
252 810
630 37
855 624
869 663
351 75
959 954
972 659
232 898
924 606
317 612
319 161
665 298
530 286
227 967
900 487
316 504
649 298
541 505
274 763
520 626
190 479
580 162
491 164
60 415
122 729
379 441
890 396
740 421
683 319
740 583
806 409
440 807
707 981
312 982
96 833
608 286
664 540
801 507
705 861
922 179
943 654
621 833
50 713
606 733
32 699
669 190
108 109
997 815
90 662
797 539
847 757
177 511
298 978
19 355
192 293
534 135
947 507
968 350
220 927
83 604
626 752
794 734
861 792
901 304
454 699
195 301
456 372
164 106
351 535
461 543
829 996
30 128
503 350
830 76
277 914
680 255
18 475
989 232
619 891
888 425
942 83
78 750
455 594
857 158
130 670
53 311
18 83
791 874
786 622
950 63
888 982
319 258
809 660
490 428
903 378
205 845
813 283
948 621
878 157
779 360
827 185
671 846
620 462
72 406
436 22
822 324
356 493
583 166
153 425
594 409
156 152
606 321
435 554
942 665
711 74
25 891
259 696
89 231
511 161
990 947
183 812
624 891
305 559
57 810
336 4
219 492
156 826
814 591
732 108
609 444
182 634
687 793
683 776
25 546
937 15
845 472
179 469
363 836
646 717
425 218
561 581
396 727
524 128
836 485
924 370
120 611
164 155
739 541
53 676
908 898
500 87
720 864
923 452
637 569
169 414
139 83
347 535
810 223
16 998
709 292
369 181
904 885
336 643
426 741
672 686
639 172
773 711
388 696
164 377
617 685
791 109
768 490
644 931
714 12
281 423
305 2
604 561
239 292
556 17
33 228
703 24
753 476
88 493
524 252
223 142
289 366
251 410
857 247
693 571
612 974
346 917
329 302
478 568
594 386
586 979
967 641
355 72
118 443
565 642
47 788
136 337
507 739
747 364
987 440
287 599
766 633
868 95
935 698
664 881
84 602
860 51
243 567
475 713
11 41
708 58
181 844
747 688
584 494
404 923
286 691
874 53
324 94
148 259
792 164
140 228
118 352
632 362
920 107
427 283
500 135
693 682
980 441
722 916
287 127
191 574
170 417
627 495
511 127
106 655
292 247
883 410
951 515
124 871
623 552
506 475
39 200
157 371
641 232
287 928
711 830
854 881
247 481
376 758
609 835
413 253
434 649
15 385
516 140
609 139
44 115
967 83
315 476
807 308
708 94
589 771
277 443
653 524
277 381
635 886
216 400
491 650
401 506
388 918
998 997
409 394
112 376
830 780
853 637
88 561
83 677
333 360
121 338
237 398
71 224
636 640
624 479
642 378
985 30
296 336
27 705
730 492
82 560
272 935
549 712
848 633
390 533
993 863
223 582
613 295
806 249
935 783
728 577
161 65
960 457
401 987
162 484
831 244
396 455
531 946
168 380
579 910
265 924
773 489
507 386
784 665
987 71
448 67
648 609
484 960
418 238
300 581
722 131
177 470
587 61
416 107
793 347
17 58
624 142
547 483
880 331
148 867
754 949
286 755
910 770
715 329
360 15
262 82
147 791
553 86
852 321
545 645
21 562
56 645
56 603
480 936
287 980
155 41
929 441
796 840
563 512
521 276
527 783
358 26
926 263
464 779
937 9
776 958
923 832
955 979
436 787
267 75
767 422
116 697
215 913
889 131
777 410
407 656
545 117
683 471
733 499
602 670
509 379
980 784
563 287
116 351
74 383
426 841
806 543
890 373
808 131
504 585
541 911
593 438
381 628
262 114
128 864
784 989
595 116
773 159
403 889
510 829
625 937
670 783
832 913
156 992
44 13
929 938
924 522
376 657
151 990
771 279
855 907
268 450
23 393
961 778
635 824
607 612
113 630
395 945
543 551
289 939
564 218
877 841
740 606
498 243
596 622
522 803
529 142
254 553
888 567
683 875
391 291
487 504
273 882
801 168
785 90
107 702
308 337
543 401
943 393
644 891
15 519
695 897
13 301
802 901
868 485
776 612
128 615
116 753
497 270
921 635
360 381
337 669
718 232
422 13
625 66
256 993
585 951
242 599
604 44
852 825
881 981
437 10
596 905
763 94
175 37
81 536
557 488
650 979
853 627
397 109
620 335
413 862
934 369
258 138
194 140
119 983
150 716
889 265
162 416
654 243
304 72
661 213
912 311
544 765
938 942
227 911
277 992
125 563
361 384
701 556
524 821
891 26
889 780
643 51
549 298
294 853
722 307
67 635
970 611
752 260
905 331
523 182
323 649
97 685
385 799
593 261
972 484
287 861
617 282
264 518
580 558
371 655
217 790
290 187
754 394
799 659
726 323
842 49
972 291
86 709
90 31
970 414
868 609
275 837
891 539
355 824
449 726
479 18
869 121
205 623
867 357
282 593
680 476
995 4
768 433
713 210
465 683
625 333
644 252
170 535
144 525
711 945
603 542
964 824
15 521
447 883
878 82
828 558
558 823
914 678
257 627
241 722
662 218
407 306
822 577
194 966
454 257
264 409
800 228
234 815
101 681
50 332
763 879
242 674
702 157
704 311
784 945
163 792
105 986
721 651
304 175
909 920
585 709
148 171
876 602
852 927
934 968
158 176
994 212
333 698
524 470
644 261
269 159
54 726
497 127
378 154
655 639
74 592
348 575
763 576
177 967
855 463
935 13
991 929
226 325
980 102
147 976
363 768
135 417
494 985
897 224
491 552
863 565
144 563
492 259
492 669
226 347
484 162
713 476
443 939
153 423
393 300
399 756
420 887
526 266
224 423
491 715
327 706
280 823
622 773
82 114
794 308
813 631
822 526
107 618
817 612
41 210
912 793
319 684
32 845
950 256
620 441
971 947
500 603
770 122
728 852
236 875
512 49
506 687
928 965
305 97
577 698
308 841
491 627
525 523
824 475
131 444
269 454
391 769
58 513
891 138
717 479
13 229
880 871
268 808
188 573
906 117
272 566
958 115
545 835
991 369
663 122
165 932
577 556
53 987
69 296
125 786
775 491
367 7
362 636
168 903
561 74
20 833
992 331
301 889
166 292
258 829
414 423
113 343
331 518
330 752
814 456
890 941
947 257
301 661
245 469
564 807
895 937
992 887
268 293
776 434
585 386
616 352
161 81
695 844
600 26
596 766
834 486
60 781
95 361
794 341
830 711
500 725
648 492
964 916
786 92
702 723
478 670
427 991
752 123
835 704
501 783
470 335
269 530
468 364
891 614
57 73
325 557
798 325
50 762
241 188
854 296
263 684
966 691
27 70
166 862
774 667
645 597
354 266
479 174
983 723
788 40
796 466
950 947
791 352
709 33
892 916
681 155
952 647
846 980
70 364
194 844
383 192
793 737
458 273
911 793
996 52
186 792
518 136
91 309
840 801
694 732
69 375
887 373
375 86
353 445
450 548
641 834
92 435
923 550
60 187
696 56
239 882
200 109
370 292
418 210
445 465
942 866
192 829
239 919
267 593
716 70
493 358
256 585
145 179
487 205
718 183
613 309
417 813
418 787
457 189
997 902
654 939
120 846
121 360
118 740
305 834
810 150
544 418
87 689
598 574
246 668
110 859
978 527
25 396
315 482
585 312
737 591
604 857
790 725
569 908
465 874
742 628
24 639
46 111
328 996
38 927
665 148
786 643
27 163
391 694
998 977
7 735
920 963
944 710
688 514
618 505
740 713
485 765
352 532
228 32
528 266
959 545
766 98
540 146
261 932
840 259
261 199
346 181
162 643
244 202
509 862
708 249
575 545
366 927
77 947
312 958
565 271
855 332
369 396
830 983
680 670
594 293
870 293
826 32
936 70
235 445
285 295
46 860
840 765
140 270
712 452
580 277
75 435
609 797
183 791
780 215
462 726
860 332
19 687
716 307
109 303
104 394
598 503
607 791
268 747
413 980
551 345
257 626
132 219
423 316
10 555
883 472
282 744
156 653
783 873
313 244
176 417
639 127
920 246
270 188
345 683
520 896
380 778
874 512
997 650
180 359
205 64
832 839
160 340
845 295
213 158
539 742
927 178
869 200
776 139
740 121
174 261
369 554
39 596
66 388
246 247
747 803
663 579
995 823
920 840
118 485
350 657
227 629
188 96
829 964
587 570
438 761
831 807
667 222
755 86
610 1
333 357
805 996
289 152
171 561
344 289
46 694
298 626
675 486
74 505
803 662
427 241
775 610
400 795
832 156
881 442
509 214
799 314
562 440
818 733
1 162
374 400
208 672
26 884
159 100
741 962
114 520
555 890
130 955
685 962
463 918
756 973
132 555
639 46
348 458
779 349
620 153
749 181
825 127
65 336
228 158
650 694
678 205
936 808
513 621
122 976
539 878
949 23
785 589
69 133
47 200
835 19
353 936
200 531
64 617
219 644
775 870
338 805
427 275
965 940
248 87
917 140
317 866
515 455
807 585
588 206
785 775
226 491
712 778
374 776
396 593
772 523
463 462
329 891
737 294
183 338
734 100
478 403
319 993
858 126
930 447
333 68
574 911
559 286
689 933
414 85
878 186
961 342
649 290
585 738
936 120
76 22
221 906
426 892
252 636
370 534
435 55
602 10
966 513
296 8
798 711
93 677
249 406
371 250
696 308
341 985
428 769
7 1
676 785
893 280
422 616
814 857
671 769
867 990
634 516
998 433
579 443
462 180
850 185
431 546
845 772
883 273
893 243
627 921
28 872
201 802
488 368
12 160
137 231
150 771
747 148
556 326
591 370
507 793
555 290
340 752
414 575
26 307
818 5
229 199
877 782
353 366
150 365
878 639
597 380
763 696
880 319
23 823
42 882
617 949
172 309
702 938
884 80
245 55
85 826
606 314
609 959
32 759
677 262
751 274
642 514
322 874
185 697
698 227
579 315
177 103
976 231
41 860
311 639
267 748
465 873
62 426
833 447
538 510
709 289
136 704
803 458
578 988
156 276
568 87
943 745
191 919
328 584
780 639
575 399
739 393
273 153
819 106
600 357
968 310
998 104
14 801
562 944
142 70
221 710
158 164
807 349
436 135
285 568
774 861
967 865
254 240
18 425
346 619
135 314
281 133
770 647
935 685
591 429
755 164
139 913
329 946
614 117
81 252
685 207
113 652
72 719
893 90
144 591
61 279
258 342
765 28
341 700
713 933
129 821
449 620
734 778
566 701
247 647
953 932
854 418
585 278
137 478
368 633
421 430
265 679
124 30
60 466
82 773
751 211
594 200
183 681
331 749
734 578
748 687
511 602
105 448
232 594
926 600
227 699
382 492
379 507
522 439
325 604
564 76
167 511
628 350
544 959
451 278
538 199
965 401
153 422
849 385
16 127
986 595
826 720
440 557
227 962
348 552
919 913
980 438
776 609
141 320
568 592
598 458
211 297
337 60
683 353
539 21
300 718
741 740
275 321
55 624
225 974
889 206
764 665
815 257
985 735
202 935
546 346
850 757
643 187
170 678
892 61
51 192
779 145
466 988
31 43
314 920
249 430
937 416
688 274
504 890
209 50
236 59
159 231
246 329
262 138
391 665
682 522
810 615
577 628
955 960
672 269
880 273
52 169
42 740
443 546
596 570
711 107
153 309
789 415
799 180
433 482
54 243
449 632
224 405
944 248
26 825
873 78
994 915
170 438
461 504
442 409
74 506
517 228
815 306
995 967
838 428
449 892
24 250
876 248
7 821
496 386
998 369
816 344
637 987
134 98
491 577
860 918
83 377
146 250
35 141
569 873
922 370
117 946
621 994
194 628
167 42
14 165
763 831
861 400
170 996
851 13
925 711
931 8
440 429
610 475
923 180
700 845
550 817
791 523
163 337
504 330
731 870
847 494
53 709
247 223
57 450
589 982
513 520
342 953
950 304
428 873
484 128
70 387
297 861
262 461
198 766
143 281
989 343
127 42
404 374
266 461
176 207
443 689
727 785
994 29
89 774
254 926
902 676
665 552
537 279
13 87
398 156
368 387
851 496
429 255
222 47
716 751
254 511
792 334
296 787
715 738
561 322
16 816
998 33
368 536
312 733
975 710
241 696
97 93
544 879
348 118
926 65
221 181
576 14
515 225
801 582
315 714
904 683
882 903
68 602
791 380
687 118
443 929
814 892
374 710
771 722
829 50
139 50
231 68
416 98
645 569
680 312
636 937
995 518
840 63
473 983
795 160
101 590
89 268
835 463
978 958
538 159
8 677
562 591
97 978
41 742
900 74
406 536
11 753
54 203
168 879
186 316
40 287
906 129
907 93
945 886
404 483
397 412
512 311
356 962
642 397
56 542
823 463
78 186
216 484
389 385
364 927
701 756
567 959
885 474
53 182
712 457
17 110
221 882
421 929
844 415
679 900
957 502
