55 123
587 870
710 364
425 122
73 736
985 99
686 353
864 449
78 49
432 565
863 747
622 228
756 509
652 379
448 607
292 504
83 231
726 793
947 151
268 20
239 605
471 925
310 336
374 388
737 807
305 600
906 928
180 662
789 832
394 589
792 686
445 227
269 172
20 569
323 640
941 915
598 413
840 908
749 567
297 838
726 602
438 632
882 618
295 23
802 689
613 946
727 58
173 348
230 546
917 906
538 859
173 136
624 13
45 725
580 694
563 306
648 1
939 531
971 586
554 125
627 519
72 706
578 597
54 160
143 324
418 682
535 591
818 159
605 215
884 537
909 447
196 558
448 487
441 771
425 347
896 52
867 968
758 797
918 164
957 61
840 728
95 375
319 266
534 276
481 418
814 743
217 362
653 665
849 446
788 274
793 685
678 12
5 436
161 923
952 119
337 793
199 432
520 518
698 407
795 532
825 961
627 395
323 632
60 172
78 201
798 223
886 476
588 243
264 749
167 216
220 856
361 419
288 234
938 339
641 85
223 818
46 850
213 369
834 626
541 912
827 339
487 65
167 75
308 431
177 827
999 749
683 713
169 324
947 459
663 588
544 886
758 942
88 972
311 274
950 204
186 777
895 25
194 62
453 502
493 982
682 492
731 365
205 252
689 504
711 704
92 607
942 203
549 382
175 212
656 125
416 194
254 663
220 448
725 25
302 570
7 984
415 738
702 620
991 743
477 54
448 921
14 742
124 915
125 299
480 781
776 896
328 30
560 900
830 637
925 133
208 932
117 623
22 819
595 365
563 72
772 363
994 138
105 118
53 230
770 533
364 546
782 44
929 694
944 759
683 869
892 891
153 362
866 527
181 462
893 96
886 665
811 880
155 917
351 208
499 473
94 215
19 228
259 300
274 203
412 957
424 304
201 577
18 67
105 552
529 350
648 768
367 460
0 522
729 351
82 580
824 528
796 196
756 407
848 382
611 260
340 35
917 541
965 935
608 422
487 490
124 488
258 491
300 258
365 381
962 447
961 138
976 757
334 84
165 183
467 128
443 807
515 712
700 832
648 308
254 487
150 730
975 760
221 627
371 586
8 333
34 970
471 362
79 158
446 596
693 265
724 488
72 592
201 124
424 849
433 31
336 935
761 664
696 335
291 67
921 652
752 307
622 223
21 701
733 468
650 426
85 374
915 158
318 468
282 743
669 67
126 357
3 239
21 51
574 665
118 848
317 222
155 291
445 177
992 531
997 994
309 82
369 576
592 39
44 227
134 713
646 260
71 1
500 444
52 426
109 522
274 426
744 782
69 542
311 62
73 308
56 382
742 777
959 687
169 355
914 303
69 912
564 140
914 416
936 966
194 46
841 469
824 585
603 894
479 914
308 904
574 716
639 316
846 598
355 15
305 621
318 374
534 234
866 448
2 803
766 197
201 959
18 25
897 621
271 376
535 931
281 109
648 920
777 494
870 485
861 175
106 531
902 640
766 120
440 120
275 559
669 476
518 687
854 415
660 477
792 547
409 425
8 57
345 786
903 567
271 116
742 729
647 996
370 765
117 162
886 392
721 555
221 240
595 75
7 255
552 799
803 961
224 811
370 921
949 625
488 572
741 583
302 389
931 24
154 48
538 40
793 260
948 14
852 543
441 859
150 345
11 305
307 235
117 29
509 418
655 349
991 396
932 645
785 864
21 292
264 559
684 57
819 632
423 23
527 216
883 678
562 894
983 221
481 452
250 990
871 905
340 214
654 624
211 791
840 232
83 105
791 120
514 963
752 290
338 632
506 221
662 68
467 997
289 949
450 892
291 673
149 631
239 803
608 450
947 448
34 30
905 177
150 772
140 255
62 831
887 920
52 901
989 520
898 630
821 348
522 112
373 672
96 612
827 704
414 774
504 448
157 410
626 659
534 118
266 948
949 505
868 2
406 209
874 305
192 695
5 714
807 379
738 255
343 918
959 758
692 464
206 201
226 184
861 112
303 127
60 252
985 928
606 391
490 832
696 682
879 54
748 39
785 839
294 128
757 254
238 449
70 797
651 648
981 864
760 636
343 820
241 328
100 847
72 590
32 768
624 911
174 373
950 959
212 245
440 969
851 30
770 273
827 773
921 161
989 33
149 685
853 390
13 305
590 85
896 622
206 872
533 380
245 836
692 809
433 132
130 284
514 253
557 342
378 830
855 368
863 4
53 68
747 418
373 337
856 621
959 414
494 844
146 91
680 838
253 113
322 735
749 837
988 658
531 367
840 738
87 703
94 492
123 841
262 497
178 118
118 489
532 964
686 679
56 366
869 309
832 544
44 933
381 385
592 264
104 784
2 543
840 448
35 963
290 649
460 820
120 931
310 652
895 996
683 303
714 905
964 898
449 361
832 182
746 776
446 202
912 800
745 752
248 132
716 538
781 528
711 901
459 21
906 707
369 941
10 435
846 327
334 295
688 518
829 786
646 275
988 558
75 733
311 676
217 27
566 998
907 277
252 367
650 510
426 371
451 788
807 650
115 493
945 803
11 775
589 9
402 929
567 830
662 878
506 879
257 424
230 165
702 834
884 352
344 310
724 147
450 883
797 566
376 743
721 739
870 663
748 624
592 315
806 607
546 312
486 155
89 68
320 791
254 556
495 598
218 219
746 669
102 543
235 830
638 308
569 860
971 317
837 564
985 643
171 531
956 9
686 397
430 359
188 684
267 683
635 486
255 381
507 709
276 94
540 267
402 461
127 374
779 964
290 764
608 461
647 916
822 685
313 252
396 853
289 664
888 924
502 143
657 9
205 933
103 745
552 857
558 680
583 337
996 873
453 956
686 452
224 861
138 889
113 534
742 754
198 631
678 52
126 335
61 331
621 516
428 173
726 987
205 309
676 554
535 482
510 573
934 87
434 72
976 900
959 71
654 157
54 685
562 532
20 623
864 641
492 644
167 218
983 372
879 660
926 766
494 789
340 428
876 126
853 204
26 812
275 33
321 681
718 883
214 90
507 430
84 351
74 251
921 410
623 800
422 902
919 916
691 259
344 567
385 197
771 764
361 399
149 683
432 219
566 646
661 425
76 745
776 503
348 697
913 324
850 335
226 769
603 917
380 947
836 117
497 959
233 858
710 382
893 143
953 460
141 615
885 218
360 662
73 61
711 338
385 913
25 963
34 628
232 414
927 68
532 776
379 765
987 90
500 880
585 453
340 726
68 578
296 781
592 721
842 303
59 579
569 84
542 603
64 774
18 992
194 550
768 573
667 755
15 167
988 952
621 328
679 41
906 327
174 850
49 16
154 108
947 723
545 489
678 609
263 696
953 809
598 722
383 266
829 750
785 817
55 758
498 734
800 756
413 974
607 462
343 113
923 290
188 820
132 866
429 747
915 383
557 513
457 292
131 638
394 917
808 449
27 658
535 827
414 949
154 373
763 849
838 686
491 378
506 623
245 288
371 160
23 280
25 480
572 157
470 966
426 278
768 453
936 303
633 703
252 139
428 368
988 267
54 479
645 913
103 242
553 826
754 576
106 780
408 30
289 230
348 715
509 116
520 797
420 505
500 24
644 929
392 632
548 799
464 545
64 919
788 969
97 542
897 203
674 657
585 963
887 933
30 748
402 903
546 174
408 46
550 53
327 943
37 227
94 853
773 158
772 913
479 869
807 376
424 482
33 361
797 920
647 828
669 49
731 215
575 139
613 125
544 293
68 934
872 514
787 645
24 912
910 503
133 718
879 910
552 912
271 349
833 270
177 854
319 260
421 894
400 34
372 296
679 440
230 552
307 370
549 331
282 460
835 415
530 714
325 82
979 949
431 164
219 961
18 891
221 439
137 973
825 509
270 505
302 852
409 609
222 958
940 504
418 127
272 948
194 949
382 173
250 814
337 470
127 707
713 348
146 850
322 323
360 944
828 662
796 589
623 371
548 915
875 966
43 499
267 237
449 649
410 699
815 99
521 942
806 234
643 952
437 317
627 797
261 808
811 409
397 786
780 945
701 8
264 744
859 531
981 660
532 743
360 700
842 233
994 648
820 637
952 257
954 580
54 567
388 217
977 137
3 109
83 56
469 347
801 329
230 134
989 114
878 701
814 72
935 809
721 107
798 25
364 105
957 770
672 697
339 1
835 342
111 270
398 932
617 551
261 199
686 251
313 916
304 480
988 591
641 61
698 439
439 62
544 396
184 569
94 523
570 281
217 33
551 968
966 168
519 579
719 557
182 384
473 487
864 814
78 857
227 129
649 666
191 545
63 376
114 509
899 37
790 117
70 341
437 388
861 956
320 932
514 502
316 339
989 533
505 420
742 733
549 391
399 92
937 814
820 403
323 72
440 465
541 863
158 978
603 19
934 923
951 800
426 620
492 767
153 997
539 895
730 440
639 482
533 928
296 353
331 972
777 124
437 318
339 948
296 942
967 583
866 271
383 644
243 875
763 748
225 655
995 307
95 634
789 628
562 438
334 246
410 463
722 199
782 61
147 78
3 467
13 221
90 749
217 333
976 333
81 201
988 76
509 83
63 298
64 977
736 750
575 498
213 297
50 995
358 197
426 714
16 791
935 106
540 505
439 517
838 872
718 826
301 227
261 716
878 325
693 966
75 269
465 641
566 867
988 277
64 766
991 81
558 926
539 98
783 331
615 621
203 686
799 856
265 61
572 143
386 266
462 814
887 279
455 805
146 795
82 562
562 73
643 120
352 535
218 135
866 186
109 69
872 908
926 137
969 850
633 708
468 95
522 355
374 329
513 520
124 595
82 686
21 78
158 373
613 377
860 831
563 969
900 787
878 178
924 199
381 557
907 849
4 781
557 378
462 70
250 587
17 685
625 390
115 784
115 80
513 976
911 428
297 163
215 527
342 139
727 723
49 986
924 405
768 481
784 230
903 386
169 921
423 147
663 538
931 779
618 796
107 881
224 404
45 439
284 739
930 11
462 331
349 738
737 117
220 873
700 123
611 221
396 35
368 412
925 651
191 896
447 650
777 671
54 822
462 690
561 745
53 375
76 403
114 813
872 686
38 572
161 650
146 558
685 866
970 962
518 513
858 317
163 636
341 569
810 803
260 724
548 313
451 977
68 917
790 941
603 181
865 765
831 11
675 868
878 997
830 748
862 41
65 25
29 758
946 191
914 558
915 462
224 719
791 292
636 934
233 592
115 451
709 946
814 736
166 692
733 348
792 595
389 210
972 418
968 270
610 882
829 877
697 53
596 840
345 585
774 931
177 889
382 886
187 196
622 705
241 707
54 385
654 443
595 978
214 916
248 176
150 77
53 199
130 2
40 828
587 814
111 764
56 493
2 243
41 976
949 634
35 355
20 689
798 967
667 364
235 915
540 738
345 594
937 827
596 329
7 183
496 118
299 552
963 653
147 357
629 96
991 664
451 363
705 602
683 372
966 918
639 507
8 984
453 946
164 401
627 171
936 123
290 235
675 253
240 175
962 221
271 954
237 75
669 942
29 352
666 347
623 305
206 631
642 659
929 158
412 557
329 348
32 619
935 60
225 175
235 539
396 858
493 633
285 515
927 666
867 593
14 490
251 220
474 245
232 755
403 644
664 732
993 697
704 280
109 281
456 344
820 204
554 666
190 840
181 117
858 48
711 872
891 314
445 717
559 677
472 962
673 137
46 18
186 102
299 295
383 107
991 556
311 545
222 501
737 755
619 596
155 682
820 398
348 265
115 907
294 940
221 320
429 267
690 615
370 989
910 105
448 253
661 760
150 235
613 888
990 584
836 498
618 8
896 966
274 12
873 920
304 446
592 733
714 283
348 436
272 610
893 73
863 907
833 13
494 798
253 837
383 441
335 1
450 231
968 76
595 193
348 899
640 941
632 706
224 332
142 848
942 387
921 157
294 106
523 141
905 128
978 288
922 313
641 724
544 609
152 492
803 500
391 443
793 376
149 369
708 643
218 3
382 491
512 29
598 387
170 503
516 148
143 790
813 784
514 709
746 666
201 549
518 945
344 664
321 845
33 381
840 251
384 222
743 249
251 341
636 773
196 504
921 691
294 734
475 160
444 221
178 997
122 49
942 818
713 263
15 746
997 855
350 733
430 93
982 681
786 971
455 334
475 728
25 122
815 852
634 611
426 165
608 548
214 903
719 927
518 734
25 515
942 375
249 372
820 583
405 958
554 860
292 382
941 669
856 756
522 490
367 948
655 327
848 221
230 567
500 749
654 526
616 596
901 865
968 74
449 373
32 355
586 677
737 527
346 945
635 220
436 354
168 443
681 17
17 264
936 517
365 590
43 981
538 297
199 858
371 0
355 170
432 445
49 131
390 684
351 178
390 872
974 423
241 991
687 177
860 404
120 904
386 658
201 937
517 924
937 101
31 644
623 816
441 672
947 184
708 650
714 98
522 688
521 763
31 561
293 892
965 765
148 703
423 701
992 292
625 281
745 656
926 368
824 719
392 771
903 100
774 618
550 296
658 424
412 690
985 57
934 302
822 82
6 597
783 350
242 760
632 339
768 558
60 593
629 452
716 533
905 490
503 455
139 161
879 903
851 216
960 137
519 134
219 877
83 354
227 325
114 859
17 883
769 77
828 399
529 544
284 434
35 787
242 174
948 473
77 152
690 389
289 561
523 861
438 958
215 17
284 682
877 301
565 998
730 745
749 259
289 385
46 324
172 640
850 473
113 279
977 155
20 618
716 543
831 154
854 47
172 490
729 401
143 646
751 873
391 853
132 32
238 530
709 763
170 559
588 284
191 565
439 211
535 508
107 367
662 961
766 186
451 495
939 594
493 43
467 236
896 951
268 486
482 977
249 4
889 837
288 80
754 80
643 290
588 750
9 602
63 775
141 866
270 432
460 115
475 279
351 723
583 619
210 65
949 811
69 838
649 710
270 755
142 265
45 82
368 54
36 431
181 529
298 451
962 110
918 789
742 269
865 325
241 75
390 190
238 811
380 887
873 2
995 367
267 392
801 635
799 838
419 980
367 69
784 329
179 702
471 921
972 336
598 213
763 988
755 1
152 135
241 377
489 236
97 756
628 898
744 779
736 515
760 104
584 544
785 115
246 608
389 218
296 987
783 59
328 890
413 832
25 654
209 866
242 306
975 222
205 719
2 293
586 114
749 170
658 887
637 904
495 26
475 792
14 610
203 342
501 616
526 878
622 735
745 864
394 720
439 951
791 793
596 377
907 346
899 917
233 536
821 80
563 648
872 929
259 76
623 112
692 149
990 315
236 87
531 982
159 322
933 950
467 882
327 374
228 226
291 813
115 465
893 678
465 766
607 76
194 582
188 238
731 531
553 967
618 437
950 778
111 235
80 579
117 760
305 697
338 949
510 453
766 756
483 231
522 90
308 68
672 848
306 755
379 860
723 350
649 25
480 112
612 912
691 730
672 349
779 11
298 642
816 64
398 300
295 920
742 955
988 415
804 294
522 535
506 597
237 507
622 717
620 235
630 663
317 654
364 448
17 662
90 834
78 488
134 726
408 876
681 748
643 837
395 166
725 253
763 962
761 738
32 733
325 14
748 642
668 113
90 686
127 533
520 206
21 6
932 782
234 965
530 230
155 277
396 880
531 511
842 644
601 874
729 926
888 829
920 557
294 363
595 422
896 467
980 917
825 264
699 59
229 582
289 736
859 37
616 742
901 459
386 502
685 467
781 574
297 701
483 591
64 430
365 312
249 345
582 74
609 281
133 191
215 775
927 427
812 896
169 713
707 908
568 392
727 349
318 24
50 153
968 467
583 333
131 184
679 713
258 640
347 392
183 562
167 463
989 331
359 511
397 66
419 965
810 146
666 129
523 716
282 491
535 218
176 667
402 855
732 13
848 79
405 31
642 924
846 983
607 205
494 4
623 265
321 434
764 987
563 639
56 197
482 943
767 658
962 522
866 695
535 714
774 292
97 768
568 944
104 175
501 950
532 125
216 205
911 332
545 826
323 953
23 805
896 143
463 859
17 681
906 552
395 680
196 845
801 764
141 905
291 994
855 175
471 423
381 382
107 278
208 430
231 584
587 127
79 403
338 96
84 244
648 832
277 196
677 78
960 170
335 603
164 190
779 636
614 512
370 73
790 579
504 21
515 91
500 594
494 191
690 931
435 690
763 64
886 440
494 198
962 829
801 126
20 932
114 986
444 485
59 234
416 915
607 931
359 460
877 205
651 919
136 86
609 251
503 847
43 997
45 5
827 198
132 199
131 598
185 927
83 596
162 499
864 121
782 575
581 659
780 584
578 269
23 539
520 526
738 564
523 135
569 350
334 53
901 817
652 438
744 87
35 258
939 251
380 73
826 313
733 958
898 663
579 921
555 100
799 293
16 322
429 937
25 115
991 926
932 995
365 676
434 752
287 373
355 667
447 181
332 532
491 582
547 71
855 454
171 654
100 187
329 881
476 706
996 467
632 280
814 349
308 249
453 595
974 808
614 421
989 299
305 833
881 205
904 89
659 75
95 759
614 424
640 90
130 988
910 115
268 76
816 929
325 270
524 652
78 491
425 420
790 731
253 671
936 157
112 947
584 208
707 550
632 699
992 115
688 254
582 308
331 398
237 8
20 114
660 99
605 86
871 395
817 124
418 105
633 531
52 569
739 111
119 723
811 463
190 851
718 772
159 49
523 749
57 543
863 718
994 468
156 865
215 973
341 985
430 974
516 834
895 607
946 14
683 109
830 225
960 548
998 471
597 873
220 6
416 435
76 411
255 232
628 470
557 970
456 987
296 324
174 192
284 120
558 967
581 388
192 541
288 542
364 885
767 937
892 184
372 968
947 980
553 927
802 110
897 610
98 546
935 272
90 571
744 648
890 325
389 434
218 677
977 582
915 744
519 159
280 244
479 579
224 32
507 26
143 756
989 593
302 924
217 392
495 961
393 385
638 134
819 856
163 148
790 78
245 662
589 877
258 69
809 834
101 316
212 596
424 201
189 727
125 406
471 972
719 216
709 357
702 881
565 866
381 708
296 978
370 238
856 980
307 17
814 760
333 26
357 757
228 898
836 705
305 660
678 376
228 739
86 931
620 651
149 354
711 445
332 433
683 540
413 342
557 227
455 242
254 812
352 834
710 540
539 367
200 569
744 429
309 182
712 281
185 861
635 897
658 320
330 694
860 96
36 770
323 491
12 929
655 716
763 718
257 303
437 809
872 181
590 533
715 302
815 901
163 802
798 822
122 480
516 983
576 904
105 252
748 469
533 403
186 297
473 795
952 911
956 176
444 547
62 160
849 877
61 365
679 211
539 154
691 55
489 620
311 594
224 59
63 757
815 601
406 288
748 710
551 705
239 996
604 301
156 805
530 569
170 209
780 709
715 823
116 204
443 780
798 19
191 214
777 358
167 183
647 268
894 550
973 485
546 929
786 702
734 316
271 257
877 403
318 593
227 787
797 22
567 948
42 758
514 819
117 33
354 116
301 600
666 626
85 565
555 871
267 642
539 891
899 417
294 217
362 873
4 511
896 571
811 938
682 325
757 151
711 111
619 12
64 637
639 149
202 546
373 822
188 912
65 87
681 359
657 43
233 661
907 481
585 718
419 619
396 176
770 107
639 741
119 703
378 110
853 581
657 226
755 845
490 820
285 172
531 942
567 764
603 474
597 540
193 16
159 589
192 281
696 184
22 167
887 753
278 92
686 935
670 441
132 513
261 417
685 792
359 252
909 315
727 506
855 920
523 367
861 67
0 557
603 375
76 843
128 354
935 814
641 958
607 774
471 220
191 508
12 903
760 273
570 839
132 777
759 7
144 972
74 145
881 678
520 958
521 0
312 808
166 954
118 773
80 589
993 271
97 357
526 210
631 96
49 763
874 161
770 370
133 196
867 15
226 739
325 99
739 989
260 257
943 378
30 23
320 375
647 417
733 525
979 716
974 29
831 848
542 953
570 675
501 790
42 728
529 719
179 621
709 439
878 652
818 261
28 138
636 27
907 721
904 239
789 878
268 620
78 810
573 649
837 427
439 232
155 320
951 334
941 660
126 172
665 944
785 45
434 421
424 693
495 328
932 284
207 552
905 285
714 830
286 552
257 725
136 764
398 87
451 691
100 577
863 117
521 648
514 307
422 938
0 917
266 933
553 473
485 810
111 552
993 397
104 250
475 592
367 873
31 818
564 131
747 780
600 620
780 114
927 202
52 279
471 671
212 377
496 50
187 607
602 180
5 58
783 832
650 502
705 33
320 621
165 67
401 117
39 182
232 966
736 284
245 560
955 810
937 452
212 124
411 166
657 768
576 440
600 226
942 657
611 614
279 776
33 32
894 72
566 478
390 303
762 635
863 70
797 152
874 9
276 285
175 933
406 751
725 6
329 19
16 941
985 295
69 370
679 315
442 246
793 184
901 908
820 116
330 969
268 204
979 544
841 506
830 247
610 907
606 291
279 974
584 264
621 6
635 300
321 429
546 467
614 799
727 786
915 57
755 183
261 86
80 454
945 910
54 907
169 660
198 448
634 783
713 255
141 700
907 462
129 806
281 743
605 8
881 521
65 637
56 678
75 136
133 20
398 187
927 568
199 478
16 185
613 81
792 754
133 699
568 263
857 850
358 463
210 240
336 628
229 392
306 304
529 791
677 927
330 604
847 881
434 216
418 47
649 210
801 783
262 722
46 119
572 756
934 134
996 270
762 225
15 421
882 544
564 559
823 247
515 23
128 950
239 547
349 888
109 503
671 371
225 69
843 149
826 777
283 174
400 398
400 415
171 634
311 735
193 486
982 60
509 463
362 100
10 712
989 119
567 12
843 792
434 38
941 260
815 576
786 567
326 186
334 497
172 997
233 717
484 567
778 345
30 492
446 392
556 787
864 123
799 707
267 233
745 560
845 912
137 632
832 815
170 166
313 695
164 898
412 0
465 542
345 848
35 791
240 943
578 104
419 730
163 686
315 260
247 513
173 736
145 5
551 667
523 216
362 687
114 127
687 932
669 385
780 56
176 372
352 755
477 771
837 992
809 152
253 56
665 426
144 162
783 48
182 306
264 896
346 731
23 385
663 45
770 795
453 299
167 805
406 996
928 243
989 738
395 242
146 413
20 643
575 155
691 757
813 307
654 511
38 29
897 53
74 19
848 880
670 368
685 76
364 614
319 705
704 67
299 850
480 671
493 407
826 536
517 640
844 523
151 234
552 400
288 979
772 488
859 442
856 896
519 573
510 190
278 566
609 930
417 441
601 910
849 428
447 366
420 643
889 571
877 793
324 517
772 96
6 631
538 862
880 57
787 390
600 418
309 209
348 726
651 949
988 500
377 787
218 797
430 459
721 660
252 45
177 377
141 535
8 31
750 888
441 537
631 41
955 940
250 303
18 901
253 358
753 982
146 323
780 928
782 853
940 387
898 118
764 391
653 124
774 755
365 215
293 348
256 248
640 859
904 658
112 157
16 218
139 514
541 271
795 676
476 735
63 374
205 179
117 211
303 892
966 668
107 259
368 716
860 8
575 764
18 39
273 387
257 764
901 799
36 696
827 512
784 890
239 989
69 708
200 724
952 167
745 60
778 113
128 638
122 55
402 140
94 675
879 352
440 781
503 828
829 330
692 965
572 283
955 993
992 507
717 296
674 814
356 805
928 836
443 402
891 198
542 338
225 422
42 665
555 545
845 736
227 890
702 151
525 657
144 517
516 213
814 191
28 522
996 308
711 791
710 954
989 604
292 215
26 334
232 933
231 430
22 810
320 724
961 845
733 457
715 249
671 881
792 51
755 140
359 818
932 69
773 273
673 417
840 52
104 73
337 335
855 359
498 175
435 459
372 168
269 439
770 292
672 562
343 428
55 54
598 339
475 371
612 500
789 453
904 893
878 594
580 733
953 430
260 389
242 984
909 511
776 679
803 448
594 498
228 649
904 827
340 379
198 952
231 339
757 136
584 987
730 517
72 35
947 684
776 189
21 38
52 797
717 855
245 663
705 474
664 609
301 4
340 851
309 572
191 66
60 127
406 142
644 478
177 944
515 954
133 536
992 538
333 61
393 578
77 451
404 741
60 57
98 753
909 407
325 452
825 737
579 231
879 576
62 56
520 577
362 5
113 706
543 798
120 289
376 197
740 133
290 152
190 388
905 451
795 582
903 621
319 835
204 550
411 266
959 931
843 321
288 308
380 832
106 852
121 835
401 861
320 691
365 510
432 271
962 579
205 217
552 877
52 757
427 463
23 386
746 219
60 35
879 792
219 338
644 340
173 45
553 493
88 918
355 520
189 317
100 747
887 4
624 939
761 51
755 137
790 853
708 850
888 587
642 107
925 638
799 450
683 352
943 123
271 651
644 812
320 96
559 207
100 183
147 214
235 254
351 25
107 59
227 348
998 221
807 924
859 607
374 894
959 670
17 582
321 13
395 641
461 954
849 562
138 348
128 725
602 479
102 709
890 681
57 888
902 217
164 113
824 891
7 135
561 376
718 234
390 113
875 851
419 76
765 557
424 245
634 378
724 736
440 966
417 849
207 671
66 723
784 242
614 143
378 527
520 96
761 262
561 989
465 980
65 583
890 842
828 524
572 905
261 12
223 30
862 430
702 280
506 838
523 120
982 901
648 854
349 761
468 910
750 285
242 816
868 132
10 49
657 582
954 270
947 177
300 161
960 354
441 466
193 964
938 527
865 938
381 566
700 849
476 450
134 719
618 355
203 980
404 860
563 710
130 862
239 783
23 551
489 464
17 682
429 308
209 646
246 942
213 946
143 41
397 630
112 367
985 316
348 741
528 263
451 11
125 42
146 148
594 635
964 963
318 745
271 879
392 518
822 957
816 965
350 565
595 463
933 932
131 633
673 659
896 476
22 373
519 168
521 113
804 837
76 474
583 700
353 327
570 527
284 738
845 634
304 792
449 589
725 932
222 750
944 470
227 966
843 98
487 364
211 291
201 639
117 136
691 470
463 613
350 747
352 195
734 656
339 535
597 64
468 819
815 764
289 394
730 132
492 217
848 55
860 401
46 977
538 90
800 1
703 502
101 55
49 835
711 388
722 308
453 190
479 620
954 768
366 37
252 858
606 100
265 467
854 311
796 392
753 948
393 457
450 494
512 499
681 576
888 404
236 693
946 716
313 253
836 679
642 441
889 248
893 506
67 747
169 864
139 923
812 885
380 263
731 892
114 413
820 2
169 57
695 115
773 360
720 961
391 362
402 632
611 296
138 678
43 308
894 535
231 59
420 963
674 151
207 788
916 28
791 85
85 838
553 210
199 273
171 942
636 926
575 599
222 713
629 617
373 876
152 956
935 924
919 609
428 127
749 344
155 892
782 240
731 335
450 282
960 973
224 948
899 799
547 473
865 529
91 238
405 595
195 692
520 466
653 948
593 402
644 100
295 426
692 378
113 494
660 74
468 884
22 719
36 922
193 901
803 284
139 208
231 686
900 751
153 905
51 98
307 48
199 954
826 243
332 940
738 992
14 558
229 388
277 265
662 822
166 465
458 657
25 690
344 925
793 497
830 197
947 490
245 146
444 71
742 129
363 480
121 729
390 702
118 19
967 132
842 133
598 300
143 623
342 487
901 136
336 83
685 283
573 282
782 370
353 524
499 717
356 972
446 98
675 916
117 642
49 311
128 999
964 271
622 306
758 875
794 446
